FILE                                                    	HIERARCH TNG DRS CCF RVC	HIERARCH TNG DRS CCF FWHM	HIERARCH TNG DRS CCF CONTRAST	HIERARCH TNG DRS CCF NOISE	HIERARCH TNG TEL TARG MAG	AIRMASS           	HIERARCH TNG DRS BERV	HIERARCH TNG DRS SPE EXT SN20	HIERARCH TNG DRS SPE EXT SN50	HIERARCH TNG DRS SPE EXT SN68	
HARPN.2015-01-22T03-16-12.014_ccf_K5     	46.1113366033778        	2.11760403219716         	98.4891567907923             	0.115414828880756         	12.17                    	1.186987605233251 	23.9807327611843     	0.                           	0.                           	0.3
HARPN.2015-01-22T03-46-37.071_ccf_K5     	32.8096743769372        	1.68261828825684         	207.14407781473              	0.111282642784239         	12.17                    	1.1623745799755356	23.9197398332722     	0.                           	-0.1                         	0.1
HARPN.2015-01-23T03-05-16.499_ccf_K5     	17.6572060323191        	0.920624899340611        	180.946034074996             	0.127124245350164         	12.17                    	1.1958460478113595	23.6642083171613     	-0.1                         	0.                           	0.1
HARPN.2015-01-23T03-35-41.956_ccf_K5     	19.910413154663         	0.786483588121261        	173.721784022979             	0.133438323537847         	12.17                    	1.1660813364448652	23.6026733456568     	0.                           	0.                           	0.1
HARPN.2015-01-24T03-09-37.418_ccf_K5     	15.0140913750799        	2.23149179522036         	48.247764850887              	0.149904783434885         	12.17                    	1.1854803609847926	23.3086440563448     	0.                           	0.                           	0.1
HARPN.2015-01-24T03-40-02.483_ccf_K5     	26.8082983670884        	0.711776893935782        	129.663343368456             	0.113879485974777         	12.17                    	1.1617904630310842	23.2480091468879     	0.                           	0.                           	0.2
HARPN.2015-01-25T05-28-07.766_ccf_K5     	19.494355490798         	1.52678977968803         	61.2909603046308             	0.110856638304496         	12.17                    	1.2631213152487972	22.6805095856737     	-0.1                         	0.                           	0.
HARPN.2015-01-25T05-58-32.806_ccf_K5     	24.3123025014506        	0.673984513176817        	59.8902620338175             	0.140186555416228         	12.17                    	1.3541874595318524	22.6200032006478     	0.                           	0.                           	0.1
HARPN.2015-01-26T02-51-15.712_ccf_K5     	34.5363823598436        	1.47195150170739         	71.5217739174217             	0.141332450293088         	12.17                    	1.1988544879896066	22.6338587823833     	0.                           	0.                           	0.2
HARPN.2015-01-26T03-21-41.168_ccf_K5     	43.2844502058805        	2.68807353211068         	60.652331455998              	0.120098484987383         	12.17                    	1.1674085503263136	22.5711789596467     	0.                           	0.                           	0.1
HARPN.2015-01-28T02-29-28.993_V1.9_ccf_K5	40.7872937658794        	0.884035273601006        	48.8968547055489             	0.122206117730956         	12.1                     	1.2212152051132428	21.9357983990658     	0.                           	0.                           	0.
HARPN.2015-01-29T04-05-06.608_ccf_K5     	19.1663953800445        	1.24555064117477         	73.0699542006428             	0.139735066170239         	12.17                    	1.165420319977842 	21.363930351547      	0.                           	0.                           	0.1
HARPN.2015-01-29T04-35-31.263_ccf_K5     	25.8623786156235        	0.693042816472768        	58.9297981195894             	0.119062661066902         	12.17                    	1.1945205995384862	21.3132545834393     	0.                           	0.                           	0.1
HARPN.2015-01-30T05-15-57.549_ccf_K5     	10.0665922179463        	1.02286892041324         	63.2655207231336             	0.134939911834823         	12.17                    	1.2824089035768669	20.8403718784595     	0.                           	0.                           	0.
HARPN.2015-01-30T05-46-22.676_ccf_K5     	45.6719729518684        	2.03303576331627         	39.9675753871825             	0.112849695548539         	12.17                    	1.3827940615839616	20.7858067385867     	0.                           	0.                           	0.
HARPN.2015-01-31T03-20-22.536_ccf_K5     	26.0985775763561        	0.720015046986722        	27.4909135970096             	0.103929918677469         	12.17                    	1.1592458122309686	20.6776463880784     	0.1                          	0.1                          	0.
HARPN.2015-01-31T03-50-47.993_ccf_K5     	24.2348578500271        	2.17389326820581         	34.2878527876458             	0.136825676929537         	12.17                    	1.1622550403149705	20.6249112039469     	0.1                          	0.1                          	0.
HARPN.2015-02-01T04-19-07.013_ccf_K5     	22.1805779911297        	3.56771114356935         	29.0806324834928             	0.129898623240319         	12.17                    	1.1888181508418605	20.1685865243129     	0.                           	0.1                          	0.1
HARPN.2015-02-01T04-49-32.470_ccf_K5     	22.8814228271557        	4.08800895809013         	21.421864486046              	0.125240902756558         	12.17                    	1.2384109325300539	20.1073340317429     	0.                           	0.1                          	0.2
HARPN.2015-02-15T03-40-21.202_V1.9_ccf_K5	33.5174444810131        	-0.620327653939277       	102.333742130506             	0.128105748625939         	12.1                     	1.2121428840678834	14.1496581017226     	-0.1                         	0.                           	0.1
HARPN.2015-02-15T04-10-46.660_V1.9_ccf_K5	30.5342595435759        	0.92422140400054         	82.3328174714918             	0.138878017641243         	12.1                     	1.2763833712377317	14.0882139950563     	0.                           	0.                           	0.
HARPN.2015-02-16T03-20-45.434_V1.9_ccf_K5	26.4620633042739        	12.3076538606628         	42.4620958980261             	0.122893718555665         	12.1                     	1.1895870939129445	13.713352307866      	0.                           	0.                           	0.1
HARPN.2015-02-16T03-51-10.146_V1.9_ccf_K5	47.1055764780419        	1.47205355057309         	73.7421844204012             	0.131340984812677         	12.1                     	1.2263740690517937	13.6629156901249     	0.                           	0.                           	0.
HARPN.2015-02-17T01-43-34.498_V1.9_ccf_K5	29.8666379452367        	3.19077656801237         	38.2469771620676             	0.113399473459959         	12.1                     	1.1768723476922578	13.4372307409288     	0.                           	0.                           	0.1
HARPN.2015-02-17T02-13-59.552_V1.9_ccf_K5	14.2789804745382        	1.87724898371106         	71.8199058031063             	0.110833034348527         	12.1                     	1.159161604016005 	13.3735319527351     	0.                           	0.                           	0.
HARPN.2015-02-17T02-44-25.413_V1.9_ccf_K5	40.1689589947317        	2.37345505623969         	47.7448333732511             	0.140471822633174         	12.1                     	1.1624871504693626	13.311868423887      	0.                           	0.                           	0.
HARPN.2015-02-21T04-39-52.203_V1.9_ccf_K5	11.9102380061924        	1.19314455581855         	66.2930465040143             	0.132551915106085         	12.1                     	1.4731046992565349	11.1249308343538     	0.                           	0.                           	0.
HARPN.2015-02-21T05-10-16.855_V1.9_ccf_K5	41.5374592082448        	-0.729992216586907       	54.141486312282              	0.142183390638658         	12.1                     	1.6629137703298718	11.0730645980881     	0.                           	0.                           	0.
HARPN.2015-03-13T23-07-55.945_V1.9_ccf_K5	19.383599860819         	0.858462080868713        	49.7855579103615             	0.147626020141459         	12.1                     	1.275295918649475 	1.02623309722156     	0.                           	0.                           	0.2
HARPN.2015-03-13T23-38-21.071_V1.9_ccf_K5	22.9168195589244        	1.87622585280226         	26.1312768984971             	0.137416930217235         	12.1                     	1.211456552086083 	0.966704374705345    	0.                           	0.                           	0.
HARPN.2015-03-15T23-29-23.826_V1.9_ccf_K5	49.4437373428874        	1.08904007506865         	73.5744258870684             	0.123680672145407         	12.1                     	1.2133195876047138	-0.0677259768132666  	0.                           	0.                           	0.1
HARPN.2015-03-15T23-59-49.279_V1.9_ccf_K5	14.4900217047119        	0.809616019885162        	53.6859155200684             	0.158179851271152         	12.1                     	1.174758053043942 	-0.131108857329746   	0.                           	0.                           	0.
HARPN.2015-03-17T23-44-26.278_V1.9_ccf_K5	28.926374126208         	3.93312154282987         	43.3316011829657             	0.12227103799559          	12.1                     	1.1820389932183228	-1.14275400222686    	0.                           	0.                           	0.2
HARPN.2015-03-18T00-17-08.858_V1.9_ccf_K5	18.059305298511         	0.693907815829131        	56.7174787118166             	0.115812288905962         	12.1                     	1.1599108117002455	-1.21203651729634    	0.                           	0.                           	0.1
HARPN.2015-03-25T22-27-20.960_ccf_K5     	13.1521254885899        	0.684123285455839        	41.5698227773793             	0.126167210189472         	12.17                    	1.2589224000004648	-5.14163296077059    	0.                           	0.                           	0.1
HARPN.2015-03-26T02-53-24.660_ccf_K5     	17.4149028459798        	0.754022641208256        	36.6411903524743             	0.160229778637453         	12.17                    	1.6116315107364667	-5.67875011337138    	0.                           	0.                           	0.
HARPN.2015-03-26T22-44-38.930_V1.9_ccf_K5	31.5056027927655        	0.901597269747049        	62.1205705478692             	0.0977404892071112        	12.1                     	1.2158078577717872	-5.68981932610534    	0.                           	0.                           	0.
HARPN.2015-03-26T23-15-05.188_V1.9_ccf_K5	25.1751118150051        	0.956172488399358        	58.8565534328544             	0.117145039110536         	12.1                     	1.1760738910257604	-5.74722442041676    	0.                           	0.                           	0.
HARPN.2015-03-28T01-05-23.222_V1.9_ccf_K5	48.7834031795008        	0.719563560538485        	39.9093223318049             	0.133923441944351         	12.1                     	1.2230601486797141	-6.48607922131907    	0.                           	0.                           	0.1
HARPN.2015-03-28T01-35-51.009_V1.9_ccf_K5	44.5687031187484        	1.23488031967427         	46.388433364288              	0.118724658883142         	12.1                     	1.2935224863055281	-6.55055522816958    	0.                           	0.                           	0.1
HARPN.2015-03-31T00-37-42.577_V1.9_ccf_K5	51.6576502119084        	5.22791521292181         	7.24059892692413             	0.119446877764812         	12.1                     	1.1975146351836707	-7.93111607433441    	0.3                          	0.8                          	0.5
HARPN.2015-03-31T01-08-07.614_V1.9_ccf_K5	33.6604098564456        	0.88405506790354         	8.07275196957529             	0.122944399688323         	12.1                     	1.2528732971869367	-7.99408429582961    	0.3                          	0.8                          	0.5
HARPN.2015-04-04T23-28-13.233_V1.9_ccf_K5	12.4297029787074        	1.06499844298344         	7.54839815089707             	0.123710771643748         	12.1                     	1.158787617960674 	-10.2276206393799    	0.5                          	0.5                          	0.5
HARPN.2015-04-04T23-58-38.691_V1.9_ccf_K5	14.0239992781171        	-0.513487809170808       	5.7249934215217              	0.115374760111692         	12.1                     	1.1753195845691864	-10.2929121261723    	0.5                          	0.6                          	0.4
HARPN.2015-04-06T00-09-46.725_V1.9_ccf_K5	16.1346230266706        	2.16575414856492         	7.71066023720551             	0.125634648362293         	12.1                     	1.1916464896639039	-10.7951323255404    	0.3                          	0.4                          	0.4
HARPN.2015-04-06T00-40-12.584_V1.9_ccf_K5	17.5424648353388        	0.779110844854191        	8.88376079496212             	0.128415526902728         	12.1                     	1.2431819103028492	-10.8577211161576    	0.3                          	0.4                          	0.2
HARPN.2015-04-06T01-45-02.694_ccf_K5     	26.0572739584737        	0.727094731608943        	22.9739288662651             	0.124974538282224         	12.17                    	1.3578946214862337	-10.9837969784845    	0.                           	0.1                          	0.
HARPN.2015-04-09T00-27-59.582_V1.9_ccf_K5	18.6375488300233        	1.91032518385329         	20.6522485840845             	0.130609660403536         	12.1                     	1.242397944600299 	-12.250607956713     	0.                           	0.                           	0.3
HARPN.2015-04-09T00-58-25.026_V1.9_ccf_K5	46.3197797561666        	0.986990583747916        	22.0549804593117             	0.133112659093013         	12.1                     	1.3230182540687783	-12.3096910011305    	0.1                          	0.                           	0.2
HARPN.2015-04-10T00-28-12.948_V1.9_ccf_K5	34.8144750985185        	0.855103136742163        	43.561171892865              	0.127097277310053         	12.1                     	1.2514575617696362	-12.7158055597977    	0.                           	0.                           	0.2
HARPN.2015-04-10T00-58-37.601_V1.9_ccf_K5	22.9479733802188        	1.34270109263433         	40.4420209932204             	0.11843823790284          	12.1                     	1.3366285285683623	-12.7759114794909    	0.                           	0.                           	0.1
HARPN.2015-04-11T01-06-29.394_V1.9_ccf_K5	34.2579884195514        	0.923396887220462        	30.5102809706509             	0.155631463215998         	12.1                     	1.3796723622616716	-13.2525323757318    	0.                           	0.                           	0.2
HARPN.2015-04-11T01-36-53.308_V1.9_ccf_K5	13.9178450023034        	0.92527943840428         	28.3932292107202             	0.134501928596356         	12.1                     	1.5255009224724616	-13.3054302264871    	0.                           	0.                           	0.
HARPN.2015-04-11T20-26-49.093_V1.9_ccf_K5	30.063719168018         	-0.862700158684214       	27.1561551282795             	0.150990167509156         	12.1                     	1.4432583956466216	-13.1550530913685    	0.                           	0.                           	0.
HARPN.2015-04-13T02-01-16.838_V1.9_ccf_K5	16.8514223406719        	2.23540192384921         	56.394013453639              	0.149933686355854         	12.1                     	1.7574320532219543	-14.2582863917691    	0.                           	0.                           	0.1
HARPN.2015-04-13T02-31-42.302_V1.9_ccf_K5	22.1271743897591        	1.24198971819611         	41.3432283816291             	0.147219753364935         	12.1                     	1.6019588605769635	-14.3033129253467    	0.                           	0.                           	0.
HARPN.2015-04-25T01-10-07.216_V1.9_ccf_K5	32.5433895854177        	0.85812265344448         	60.4037495564436             	0.132802380281322         	12.1                     	1.7230657468195456	-19.2331034962417    	0.                           	0.                           	0.
HARPN.2015-04-25T01-40-32.775_V1.9_ccf_K5	47.1799789317649        	1.25367458298438         	46.8280489223503             	0.121162765620154         	12.1                     	2.042777077765394 	-19.2766184199943    	0.                           	0.                           	0.1
HARPN.2015-04-26T22-04-14.593_V1.9_ccf_K5	16.2315293693788        	3.42539258382572         	14.5523705196375             	0.136793052237337         	12.1                     	1.1593888786880862	-19.6487822396321    	0.1                          	0.                           	0.1
HARPN.2015-04-26T22-34-39.648_V1.9_ccf_K5	48.2763867176106        	2.44887247376997         	13.5367551816566             	0.108951902824962         	12.1                     	1.1777036315557792	-19.708471479817     	0.                           	0.1                          	0.1
HARPN.2015-04-28T00-29-50.724_V1.9_ccf_K5	45.4318408442368        	0.792221570248581        	13.0883327712023             	0.127146673602011         	12.1                     	1.524564400402469 	-20.3004470098951    	0.2                          	0.5                          	0.5
HARPN.2015-04-28T01-00-16.979_V1.9_ccf_K5	41.5371872832303        	2.95953263539097         	8.92472831001718             	0.12028962330131          	12.1                     	1.7395764646079437	-20.3460877174829    	0.3                          	0.4                          	0.3
HARPN.2015-05-02T22-41-48.092_V1.9_ccf_K5	19.9175022836856        	1.38251310925749         	3.22380481995533             	0.10143434082002          	12.1                     	1.2193240386132491	-21.8605464363661    	1.1                          	2.3                          	1.8
HARPN.2015-05-02T23-12-13.216_V1.9_ccf_K5	13.6005966979844        	1.5171275926847          	1.72398568147156             	0.118158247637567         	12.1                     	1.2876995288071185	-21.9240399577072    	1.3                          	3.1                          	2.4
HARPN.2015-05-04T00-45-21.716_V1.9_ccf_K5	13.3056957985351        	1.42427727761236         	3.58801019899997             	0.110086791872109         	12.1                     	1.8189749907223551	-22.4157926863478    	0.8                          	1.3                          	0.7
HARPN.2015-05-04T01-15-46.770_V1.9_ccf_K5	22.9231156994209        	0.814968595842014        	4.72054242408977             	0.14303608499137          	12.1                     	2.19392235247681  	-22.4565306676856    	0.8                          	1.                           	0.5
HARPN.2015-05-04T21-49-06.854_V1.9_ccf_K5	48.9176739685956        	0.63682312553876         	16.3626273844182             	0.150786749176111         	12.1                     	1.1665710587105749	-22.4220371778773    	0.3                          	0.1                          	0.2
HARPN.2015-05-04T22-19-32.353_V1.9_ccf_K5	39.8359505604653        	1.08923887498336         	15.1368614635234             	0.101109372079241         	12.1                     	1.1967762024523847	-22.4835997169241    	0.2                          	0.2                          	0.1
HARPN.2015-05-05T23-13-06.625_V1.9_ccf_K5	41.0457678630249        	1.61947198724019         	15.8169691284469             	0.120009171519953         	12.1                     	1.3258031074318415	-22.9088886499693    	0.1                          	0.1                          	0.2
HARPN.2015-05-05T23-43-30.977_V1.9_ccf_K5	39.9946790874621        	1.11905879149581         	15.5536612629245             	0.130680030531628         	12.1                     	1.4465441525924594	-22.9648584811442    	0.1                          	0.2                          	0.2
HARPN.2015-05-10T22-45-17.581_V1.9_ccf_K5	46.4744632378806        	-0.599601107536102       	34.5867040869426             	0.11721847755486          	12.1                     	1.3005341743062961	-24.3743808650055    	0.                           	0.                           	0.3
HARPN.2015-05-10T23-15-43.098_V1.9_ccf_K5	48.0497044297899        	2.20559017115655         	43.3503484118683             	0.136055346154648         	12.1                     	1.4095224271372737	-24.4287228331498    	0.                           	0.                           	0.1
HARPN.2015-05-11T23-09-18.239_V1.9_ccf_K5	38.9371728492203        	0.721546559082534        	55.7713404365098             	0.128396532580662         	12.1                     	1.3929022976087284	-24.6957016338477    	0.                           	0.                           	0.1
HARPN.2015-05-13T22-42-27.593_V1.9_ccf_K5	13.16695266997          	1.20083547707873         	38.0113763803707             	0.147799508800658         	12.1                     	1.3285522103745953	-25.2012520822307    	0.                           	0.                           	0.
HARPN.2015-05-13T23-12-53.106_V1.9_ccf_K5	48.7076945934241        	0.636826843578419        	36.5223648400835             	0.169552194405697         	12.1                     	1.4504745059834385	-25.2551824098437    	0.                           	0.                           	0.
HARPN.2015-05-16T22-24-45.392_V1.9_ccf_K5	41.4287907040059        	-0.733048554956873       	55.7065663897011             	0.105190181172398         	12.1                     	1.3097174352535275	-25.9338385580373    	0.                           	0.                           	0.2
HARPN.2015-05-16T22-55-10.858_V1.9_ccf_K5	22.2425815897189        	3.09659715084079         	31.288765387151              	0.136604366021621         	12.1                     	1.4230202894126331	-25.986998238992     	0.                           	0.                           	0.1
HARPN.2015-05-17T22-49-08.124_ccf_K5     	14.7594512070147        	0.729472966898648        	80.4886153621544             	0.103174713881975         	12.17                    	1.4136251410177845	-26.2160602240841    	0.                           	0.                           	0.3
HARPN.2015-05-17T23-19-34.383_ccf_K5     	29.6993963311891        	0.903361554865974        	92.8589494633969             	0.118421390897655         	12.17                    	1.5753868486975937	-26.2642796084587    	0.                           	0.                           	0.1
HARPN.2015-05-18T22-17-57.055_ccf_K5     	22.967873348878         	1.96935374171902         	46.5432512316336             	0.148608748494459         	12.17                    	1.312820583865523 	-26.3893570032397    	0.                           	0.                           	0.2
HARPN.2015-05-18T22-48-21.984_ccf_K5     	49.8758863355424        	0.556177782748026        	56.3322327474735             	0.173378001895533         	12.17                    	1.4275114315256348	-26.4436401176622    	0.                           	0.                           	0.1
HARPN.2015-05-29T21-58-19.577_V1.9_ccf_K5	21.2571079219149        	4.25492735152361         	8.12617975791593             	0.118369664479581         	12.1                     	1.3981492045775008	-28.35181147979      	0.1                          	0.1                          	0.1
HARPN.2015-05-29T22-28-45.041_V1.9_ccf_K5	30.2103086774333        	0.952456478529822        	26.3657600136545             	0.144605967774555         	12.1                     	1.4261659665316417	-28.3954272210217    	0.2                          	0.1                          	0.
HARPN.2015-05-30T21-26-22.181_V1.9_ccf_K5	45.9090437589379        	-0.679481433735685       	24.1158565592958             	0.0987420878743482        	12.1                     	1.2996199933545598	-28.4298011618868    	0.2                          	0.2                          	0.3
HARPN.2015-05-30T21-56-48.039_V1.9_ccf_K5	25.4921315917046        	0.9265185443059          	10.7563771356505             	0.13109077922906          	12.1                     	1.4082590952899665	-28.482918663821     	0.2                          	0.2                          	0.2
HARPN.2015-06-01T21-13-53.684_V1.9_ccf_K5	43.3945168969991        	0.6888164944649          	9.21667000514788             	0.148081436470425         	12.1                     	1.286644723048521 	-28.6542196778997    	0.3                          	0.1                          	0.3
HARPN.2015-06-01T21-44-19.140_V1.9_ccf_K5	10.4501439399821        	0.791773595601775        	13.3600855665233             	0.124338856878747         	12.1                     	1.3889826318829839	-28.704303024197     	0.3                          	0.2                          	0.2
HARPN.2015-06-02T21-21-57.928_V1.9_ccf_K5	15.0601793039294        	1.02575718782576         	9.52632072199373             	0.122857775676205         	12.1                     	1.3222666954339684	-28.7799570063612    	0.3                          	0.3                          	0.3
HARPN.2015-06-02T21-52-22.970_V1.9_ccf_K5	22.5002348823143        	1.25876279185634         	9.58942910176183             	0.144390659798457         	12.1                     	1.4414479599688819	-28.8267166118698    	0.3                          	0.3                          	0.2
HARPN.2015-06-03T21-42-36.515_V1.9_ccf_K5	46.8266676640104        	1.03795678522688         	16.611302049212              	0.127624530296699         	12.1                     	1.414885825852346 	-28.9155313461797    	0.1                          	0.1                          	0.2
HARPN.2015-06-03T22-13-01.237_V1.9_ccf_K5	29.9732492170113        	1.75177483944207         	16.5031225585081             	0.118654665337702         	12.1                     	1.5771390764962143	-28.9614252606762    	0.2                          	0.1                          	0.2
HARPN.2015-06-04T21-17-14.547_V1.9_ccf_K5	30.075886691997         	1.33863601006709         	77.4223702262771             	0.137244787873429         	12.1                     	1.3325871292809117	-28.9701129857924    	0.                           	0.                           	0.1
HARPN.2015-06-04T21-47-39.604_V1.9_ccf_K5	10.7804570663582        	0.589433234178626        	45.7455030138758             	0.11879039800958          	12.1                     	1.4565023566669348	-29.0175797246637    	0.                           	0.1                          	0.1
HARPN.2015-06-06T21-09-56.716_ccf_K5     	48.8238349608693        	0.901278835957561        	63.0451902808491             	0.124810580410452         	12.17                    	1.3346273764112306	-29.123259054181     	0.                           	0.                           	0.1
HARPN.2015-06-06T21-41-49.439_ccf_K5     	32.6388873297435        	0.798711127507921        	70.2872411071066             	0.111873604352062         	12.17                    	1.466779102171903 	-29.1727258061244    	0.                           	0.                           	0.1
HARPN.2015-06-07T21-28-27.306_ccf_K5     	12.2198106569969        	2.13406399976668         	120.352857163745             	0.125060859509678         	12.17                    	1.422042773747387 	-29.2277197540404    	-0.1                         	0.                           	0.
HARPN.2015-06-07T21-58-51.659_ccf_K5     	31.8401049138255        	3.36587644258915         	70.5820891801297             	0.116190423053193         	12.17                    	1.5875274502590395	-29.273635894381     	0.                           	0.                           	0.
HARPN.2015-06-08T21-14-54.785_ccf_K5     	22.2273865001223        	2.53077759105498         	42.968503227918              	0.120538100636963         	12.17                    	1.3815572575773012	-29.2707466690684    	0.1                          	0.                           	0.1
HARPN.2015-06-08T21-45-19.525_ccf_K5     	30.1587516699626        	2.75293656704476         	48.072898724565              	0.135764546509838         	12.17                    	1.5281598315642486	-29.3203260741887    	0.                           	0.                           	0.
HARPN.2015-06-11T21-14-25.417_ccf_K5     	37.613448813001         	3.18850075924235         	38.5055422081945             	0.129294899423816         	12.17                    	1.4296374011706425	-29.4142152459563    	0.                           	0.                           	0.2
HARPN.2015-06-11T21-44-50.475_ccf_K5     	43.4839917603476        	1.07153958549949         	74.3003965218663             	0.12051421148601          	12.17                    	1.5988155745628434	-29.4598950492601    	0.                           	0.                           	0.2
HARPN.2015-06-12T21-11-37.529_ccf_K5     	25.6800806273779        	0.791587011714542        	36.2764733832372             	0.137585362000575         	12.17                    	1.4349228685340978	-29.4393551745071    	0.                           	0.                           	0.1
HARPN.2015-06-14T21-15-45.969_ccf_K5     	42.2147329460529        	1.15359845319078         	46.2086072242294             	0.115161171972994         	12.17                    	1.4948252617710078	-29.4838703938538    	0.                           	0.                           	0.3
HARPN.2015-06-15T21-17-04.419_ccf_K5     	27.2796049108669        	0.888647962436279        	46.0809704665078             	0.175582177572572         	12.17                    	1.5239464811330496	-29.4897309178294    	0.                           	0.                           	0.1
HARPN.2015-06-15T21-47-29.071_ccf_K5     	10.1858061111304        	0.716458864893714        	42.3153184623309             	0.138652501678715         	12.17                    	1.7385118402256696	-29.5300694400898    	0.                           	0.                           	0.1
HARPN.2015-06-16T21-10-57.008_ccf_K5     	35.9593142071234        	1.72646710242768         	30.9703487624639             	0.129151822361437         	12.17                    	1.511617512812863 	-29.4775096389714    	0.                           	0.                           	0.1
HARPN.2015-06-16T21-41-21.747_ccf_K5     	15.9988030036447        	0.787510011305379        	71.2818734291947             	0.12983499063161          	12.17                    	1.720115493108412 	-29.5154036470287    	0.                           	0.                           	0.
HARPN.2015-06-17T21-12-55.057_ccf_K5     	43.0063554112952        	0.792884630684753        	39.1751708459945             	0.134040399646749         	12.17                    	1.545775699312057 	-29.465545228411     	0.                           	0.                           	0.3
HARPN.2015-06-17T21-43-20.110_ccf_K5     	31.5055900431816        	0.954214134740598        	129.693573538535             	0.129142605186553         	12.17                    	1.7710420338553716	-29.5063165966307    	0.                           	0.                           	0.
HARPN.2015-06-18T21-13-30.778_ccf_K5     	16.6036901349277        	0.637003195969109        	51.1246846466832             	0.133868137553718         	12.17                    	1.5736448663036868	-29.4449497888218    	0.                           	0.                           	0.1
HARPN.2015-06-18T21-43-55.430_ccf_K5     	35.3435712250344        	9.41620237031561         	72.1056858680614             	0.103145014420926         	12.17                    	1.8129768237684036	-29.4838043609644    	0.                           	0.                           	0.
HARPN.2015-06-19T21-18-29.190_ccf_K5     	33.46186265164          	-0.613271945576575       	53.4541027704561             	0.138215023927618         	12.17                    	1.6342015453685237	-29.4195676365168    	0.                           	0.                           	0.2
HARPN.2015-06-19T21-48-53.845_ccf_K5     	27.9684039813837        	0.047442367564065        	108.262447274373             	0.107326173514374         	12.17                    	1.9051261840613736	-29.456784418061     	0.                           	0.                           	0.2
HARPN.2015-06-29T21-08-01.425_V1.9_ccf_K5	30.3546383670479        	8.25325329226974         	5.45758708409646             	0.12662059276525          	12.1                     	1.8881565409975216	-28.6369475327818    	0.4                          	0.5                          	0.3
HARPN.2015-06-30T21-11-22.183_V1.9_ccf_K5	44.1935374907551        	0.855670692048443        	10.526901478524              	0.135829063132545         	12.1                     	1.970545054424134 	-28.5218106590918    	0.4                          	0.5                          	0.2
HARPN.2015-12-23T04-58-08.851_ccf_K5     	31.8442998124587        	1.5499766646379          	28.4624455962762             	0.120311787523475         	12.17                    	1.2108701950404133	30.0630147481433     	0.                           	0.                           	0.3
HARPN.2015-12-23T05-28-34.716_ccf_K5     	31.434995815794         	2.29826268009144         	58.942180923566              	0.125423012910976         	12.17                    	1.1734785471830471	30.0093164161787     	0.                           	0.                           	0.1
HARPN.2015-12-24T05-19-47.063_ccf_K5     	28.9866128935572        	10.3872920018013         	20.7524048654617             	0.140079609438725         	12.17                    	1.1778522514979795	29.9459618190093     	0.1                          	0.2                          	0.3
HARPN.2015-12-24T05-50-12.503_ccf_K5     	30.3260691377798        	4.2024468970069          	22.2172719560488             	0.0990604509203118        	12.17                    	1.1594132983952323	29.889958696031      	0.1                          	0.                           	0.2
HARPN.2015-12-25T05-57-58.220_ccf_K5     	29.7948756359912        	5.50792820513206         	25.0866179934127             	0.12077848140044          	12.17                    	1.1579318877070948	29.7865567535908     	0.3                          	0.2                          	0.2
HARPN.2015-12-25T06-28-22.652_ccf_K5     	30.0215319428407        	6.66732572362685         	22.4108115332531             	0.122359443711537         	12.17                    	1.1686185035127499	29.7310639277594     	0.1                          	0.1                          	0.2
HARPN.2015-12-28T05-05-33.805_ccf_K5     	28.69948474907          	6.94242331707352         	22.3539106885869             	0.141411483723347         	12.17                    	1.176470948281362 	29.5677886273474     	0.1                          	0.2                          	0.3
HARPN.2015-12-28T05-35-59.263_ccf_K5     	29.1740343083275        	7.21333812180628         	20.4415814187251             	0.128348148701552         	12.17                    	1.159085577364379 	29.5147403695089     	0.2                          	0.2                          	0.2
HARPN.2015-12-29T05-03-25.668_ccf_K5     	30.0996127635278        	2.75279515330473         	28.2690267977952             	0.100869550421246         	12.17                    	1.1748112166057416	29.4469134959573     	0.2                          	0.1                          	0.2
HARPN.2015-12-29T05-33-50.720_ccf_K5     	28.8544915063867        	5.354006345185           	25.6336814840776             	0.126914270164796         	12.17                    	1.158679158953504 	29.3961017051056     	0.1                          	0.2                          	0.1
HARPN.2016-01-03T04-43-57.085_V1.9_ccf_K5	33.1268404840489        	1.30968124585938         	43.2241534048102             	0.137035081553335         	12.1                     	1.174638077622222 	28.7415077678092     	0.                           	0.                           	0.1
HARPN.2016-01-03T05-14-22.943_V1.9_ccf_K5	28.8624834519116        	4.68593773846301         	18.8541807705934             	0.129653512973066         	12.1                     	1.1586641048019206	28.6825563547663     	0.                           	0.                           	0.
HARPN.2016-01-04T04-22-09.289_V1.9_ccf_K5	29.1788616113862        	3.85895659002679         	26.2607066522318             	0.133434343528371         	12.1                     	1.1942910863248595	28.6086364635607     	0.                           	0.                           	0.1
HARPN.2016-01-04T05-59-43.542_V1.9_ccf_K5	37.7931775826552        	0.914048134719404        	44.9305897365872             	0.110657122745158         	12.1                     	1.1774662964945908	28.4185253040661     	0.                           	0.                           	0.2
HARPN.2016-01-20T02-59-06.870_ccf_K5     	26.8541113074289        	4.10309860507408         	26.3796114467603             	0.117906990116636         	12.17                    	1.226726006018853 	24.7276464164268     	0.                           	0.                           	0.3
HARPN.2016-01-20T03-29-32.338_ccf_K5     	27.3073306966816        	0.837209166055941        	31.4212052967309             	0.167087123384389         	12.17                    	1.1821236367617298	24.6719944197884     	0.                           	0.1                          	0.1
HARPN.2016-01-21T02-20-48.214_ccf_K5     	26.0715204342204        	2.81049062228344         	23.7861206879613             	0.135576941771265         	12.17                    	1.3108434382796774	24.478795464946      	0.1                          	0.1                          	0.2
HARPN.2016-01-21T02-51-14.476_ccf_K5     	25.3322393977827        	7.63916564956819         	19.1943240332219             	0.148460033591454         	12.17                    	1.2344151992710366	24.4251250533339     	0.1                          	0.1                          	0.1
HARPN.2016-01-25T04-43-11.867_ccf_K5     	22.8321040452987        	6.71042408553885         	25.2833402004967             	0.109112745985822         	12.17                    	1.1837877679597653	22.8570333365511     	0.3                          	0.4                          	0.4
HARPN.2016-01-25T05-13-38.128_ccf_K5     	23.6926724357675        	5.94715382589853         	29.9768669662419             	0.111764617102667         	12.17                    	1.2296562946246044	22.7966989081797     	0.3                          	0.3                          	0.4
HARPN.2016-01-26T04-33-07.838_ccf_K5     	22.5290017897685        	6.18850353934194         	23.6414531978744             	0.135956231580987         	12.17                    	1.1774358491293428	22.5262802509432     	0.2                          	0.3                          	0.3
HARPN.2016-01-26T05-03-32.503_ccf_K5     	22.9405047706934        	6.48330118802088         	23.6909136980923             	0.106248711188079         	12.17                    	1.2182523701489838	22.4653753217447     	0.4                          	0.3                          	0.2
HARPN.2016-02-03T04-15-13.935_ccf_K5     	37.7265148764451        	0.642333667427457        	42.8578977714267             	0.127817547798774         	12.1                     	1.1927598623832496	19.4990356051345     	0.1                          	0.                           	0.
HARPN.2016-02-03T04-45-39.393_ccf_K5     	41.7398542233167        	0.91870907029322         	48.8810104954267             	0.133018643751554         	12.1                     	1.2449471982626377	19.438774504249      	0.                           	0.                           	0.1
HARPN.2016-02-04T04-48-59.651_ccf_K5     	45.3832902409696        	3.08128551181603         	33.522831356495              	0.141150089984365         	12.17                    	1.2614813898885817	19.0148323966082     	0.                           	0.                           	0.
HARPN.2016-02-04T05-19-25.499_ccf_K5     	20.9074031581936        	0.863837253089054        	57.5488418163728             	0.133243023802555         	12.17                    	1.3517098284011533	18.9608647932909     	0.                           	0.                           	0.1
HARPN.2016-02-14T02-11-11.017_ccf_K5     	38.3632735789926        	0.821662974387565        	59.452044369413              	0.125448123034231         	12.17                    	1.1656907538889323	14.9048772609623     	0.                           	0.                           	0.1
HARPN.2016-02-14T02-41-36.064_ccf_K5     	10.0949463755504        	0.88527326259748         	41.402490465857              	0.128180406773743         	12.17                    	1.1582957816366104	14.8419953527363     	0.                           	0.                           	0.1
HARPN.2016-02-15T04-24-53.197_ccf_K5     	44.2049954817776        	1.83721186211524         	38.0739163693582             	0.136075424424245         	12.17                    	1.3140180436468811	14.1584730154776     	0.                           	0.                           	0.
HARPN.2016-02-15T04-55-18.251_ccf_K5     	48.33516785478          	0.746399475958563        	62.0372033008367             	0.121399092731446         	12.17                    	1.4292228990259175	14.1024314777404     	0.                           	0.                           	0.
HARPN.2016-02-27T01-25-37.632_ccf_K5     	9.29042417954478        	2.71874527677754         	22.6993828960444             	0.136431070204294         	12.1                     	1.1626612082040646	8.65827916763745     	0.1                          	0.1                          	0.
HARPN.2016-02-27T01-56-02.283_ccf_K5     	47.9422289995831        	0.811715885127252        	21.3993745161705             	0.133518478665753         	12.1                     	1.1590901966944684	8.59471047560688     	0.3                          	0.1                          	0.2
HARPN.2016-03-11T00-53-02.308_ccf_K5     	22.3559889385768        	0.874723311590549        	50.1575893640403             	0.146298085065024         	12.17                    	1.1580498766678973	1.97685149793537     	0.                           	0.                           	0.2
HARPN.2016-03-11T01-23-26.959_ccf_K5     	42.11956696455          	0.698264485366825        	75.4107047721659             	0.101049164051783         	12.17                    	1.1672184772704808	1.91363554540506     	0.                           	0.                           	0.1
HARPN.2016-03-13T03-28-08.551_ccf_K5     	14.8190933195849        	1.05507370144482         	60.5484164854286             	0.132050770872699         	12.17                    	1.5268977476541892	0.609560682173769    	0.                           	0.                           	0.
HARPN.2016-03-13T03-58-34.826_ccf_K5     	40.4529344443515        	0.639270961997454        	71.2620072270189             	0.1319915157016           	12.17                    	1.742886489143393 	0.558415990325687    	0.                           	0.                           	0.1
HARPN.2016-03-14T02-28-07.777_ccf_K5     	49.0188649075088        	0.846159765810596        	61.0284301818785             	0.125799302649674         	12.17                    	1.2939929488343616	0.200459906825477    	0.                           	0.                           	0.1
HARPN.2016-03-14T02-58-32.826_ccf_K5     	27.8488432022892        	1.56547433667766         	91.0550800534736             	0.127427184909707         	12.17                    	1.399861688182071 	0.139192943546046    	0.                           	0.                           	0.
HARPN.2016-03-15T03-18-29.661_ccf_K5     	23.7623249865401        	1.92022615270981         	69.5883820341683             	0.114541655674431         	12.17                    	1.5167519679964847	-0.418768199920711   	0.                           	0.                           	0.
HARPN.2016-03-15T03-48-54.731_ccf_K5     	25.0531585850821        	2.08125733960009         	59.7811546846994             	0.117315392077844         	12.17                    	1.7276019477816154	-0.47159496882647    	0.                           	0.                           	0.
HARPN.2016-03-16T04-23-32.291_ccf_K5     	45.1885777556899        	0.688213449516173        	89.7511716732901             	0.107076410570828         	12.17                    	2.164186405200658 	-1.04473855181207    	0.                           	0.                           	0.
HARPN.2016-03-25T00-48-55.727_ccf_K5     	16.3904557934282        	0.95718352868592         	10.5286523440796             	0.12520132933658          	12.1                     	1.1855716288201676	-5.2802543672145     	0.3                          	0.4                          	0.3
HARPN.2016-03-25T01-19-20.808_ccf_K5     	18.4088672334404        	0.892573036712892        	12.8794311017846             	0.136337919755165         	12.1                     	1.2327815174443801	-5.34574966255796    	0.4                          	0.4                          	0.3
HARPN.2016-03-28T00-21-18.277_ccf_K5     	29.0537944535999        	0.850091705963002        	30.3575442373386             	0.130407204443618         	12.1                     	1.1704434785153246	-6.74550540943584    	0.                           	0.                           	0.1
HARPN.2016-03-28T00-51-44.075_ccf_K5     	42.1828930453707        	7.31541809376753         	17.9670610789125             	0.113737716383403         	12.1                     	1.2049991428265496	-6.80128631850025    	0.                           	0.1                          	0.1
HARPN.2016-04-22T23-45-57.498_ccf_K5     	14.1910910029191        	-0.685762430729847       	11.4445660146144             	0.12923814996961          	12.1                     	1.2806328945840222	-18.5647776281241    	0.3                          	0.3                          	0.2
HARPN.2016-04-23T00-16-22.543_ccf_K5     	33.4938907606819        	0.620502104970076        	8.36576047686551             	0.120719995110595         	12.1                     	1.3801828339309776	-18.6241188642373    	0.3                          	0.3                          	0.2
HARPN.2016-05-04T22-36-02.774_ccf_K5     	34.7751738508672        	0.595899425472013        	59.0200104779786             	0.1275119162876           	12.1                     	1.2287661790835027	-22.7682601088584    	0.                           	0.                           	0.1
HARPN.2016-05-04T23-06-28.230_ccf_K5     	22.9411826711675        	-0.669700704456832       	45.4259763175144             	0.130450072360404         	12.1                     	1.3021985277377341	-22.8266790671381    	0.                           	0.                           	0.
HARPN.2016-05-12T22-02-35.582_ccf_K5     	27.8977504046816        	4.63840887737496         	25.8905114757016             	0.110026912077282         	12.1                     	1.224945125657085 	-25.0603444054555    	0.                           	0.                           	0.1
HARPN.2016-05-12T22-33-00.232_ccf_K5     	15.2105920030367        	0.804969459923797        	31.8151858289543             	0.135320962205522         	12.1                     	1.2963665239022342	-25.1171954796252    	0.                           	0.                           	0.
HARPN.2016-05-13T22-22-04.372_ccf_K5     	11.8265369794618        	1.27037686920872         	29.8780469712932             	0.130216169824911         	12.1                     	1.277063444259031 	-25.3563852107335    	0.1                          	0.2                          	0.
HARPN.2016-05-13T22-52-30.232_ccf_K5     	10.0883061254293        	0.67794575376761         	39.9348598021872             	0.133383655487185         	12.1                     	1.3749157817945246	-25.4116068060447    	0.                           	0.1                          	0.
HARPN.2016-05-17T21-56-31.694_ccf_K5     	29.6837911118684        	2.14399932623743         	8.19505528361148             	0.138133054981686         	12.1                     	1.2529250278466333	-26.2722328418385    	0.1                          	0.3                          	0.2
HARPN.2016-05-17T22-26-57.554_ccf_K5     	34.2217400636695        	1.19788956642443         	11.5228673245237             	0.126647571013319         	12.1                     	1.3388445411118088	-26.3257828004465    	0.2                          	0.2                          	0.1
HARPN.2016-05-18T22-18-50.944_ccf_K5     	10.3583917705781        	1.40078906879065         	10.6966458642467             	0.139596693555747         	12.17                    	1.3248584881157945	-26.5338959527075    	0.2                          	0.4                          	0.2
HARPN.2016-05-18T22-51-39.636_ccf_K5     	47.0079681662891        	-0.708172998820243       	8.67760586997175             	0.116523132093936         	12.17                    	1.456773996684625 	-26.5884780165556    	0.3                          	0.4                          	0.2
HARPN.2016-05-19T22-44-21.256_ccf_K5     	19.9763960228487        	1.0935870275063          	9.98815785335509             	0.123388898809832         	12.17                    	1.4405504594567724	-26.791944569452     	0.3                          	0.3                          	0.2
HARPN.2016-05-19T23-16-26.596_ccf_K5     	44.0232894699807        	1.36682121584454         	9.06511532022193             	0.122046398313938         	12.17                    	1.6265545119356777	-26.8420198832464    	0.4                          	0.4                          	0.2
HARPN.2016-05-20T22-19-14.046_ccf_K5     	20.3216868058347        	0.799101152554071        	9.83397516548106             	0.117287927821682         	12.17                    	1.3535278477101869	-26.9555623361318    	0.3                          	0.4                          	0.1
HARPN.2016-05-20T22-51-13.976_ccf_K5     	30.935433151951         	0.888352310690891        	9.79480361355656             	0.137609505265708         	12.17                    	1.4954662463998978	-27.0088509741148    	0.5                          	0.4                          	0.2
HARPN.2016-05-22T21-26-20.267_ccf_K5     	40.0871117267916        	0.931933859043488        	19.7500536243685             	0.122279328325879         	12.17                    	1.2308187201263527	-27.253152266148     	0.1                          	0.2                          	0.1
HARPN.2016-05-22T23-06-01.697_ccf_K5     	45.4081359898779        	0.613323415386458        	11.7220820114195             	0.112875894013049         	12.17                    	1.637152833893914 	-27.419879647385     	0.3                          	0.3                          	0.1
HARPN.2016-06-09T21-43-00.940_ccf_K5     	32.1786854950379        	1.43393731925662         	28.7470360120924             	0.141610736213435         	12.1                     	1.55568693413711  	-29.4034449119535    	0.                           	0.                           	0.1
HARPN.2016-06-09T22-13-25.294_ccf_K5     	48.4892839136692        	1.00955817963949         	34.3175985398096             	0.130351135399404         	12.1                     	1.785884971006249 	-29.4448467398639    	0.                           	0.1                          	0.
HARPN.2016-06-10T21-24-57.027_ccf_K5     	39.0508646738163        	5.78331016314914         	20.0136429117282             	0.135936141807859         	12.1                     	1.476173019855    	-29.4141417428551    	0.                           	0.                           	0.1
HARPN.2016-06-10T21-55-22.081_ccf_K5     	28.7687623485648        	1.08797339630441         	36.0547056615961             	0.111569516995649         	12.1                     	1.6673185682820808	-29.4567315044048    	0.                           	0.                           	0.
HARPN.2016-06-17T21-10-36.120_ccf_K5     	43.5756576946131        	1.0500435443944          	28.156439356108              	0.121596200540743         	12.17                    	1.4682241200437323	-29.4178404378906    	0.2                          	0.1                          	0.1
HARPN.2016-06-18T21-12-27.915_ccf_K5     	13.886069895726         	0.698373704852886        	17.9332798893309             	0.089327512553087         	12.17                    	1.5862063619702007	-29.3919078516129    	0.2                          	0.2                          	0.1
HARPN.2016-06-19T21-12-46.933_ccf_K5     	30.9826966324777        	5.01789607832263         	8.65021575354286             	0.135896881871297         	12.17                    	1.614939542962292 	-29.3563351062673    	0.3                          	0.3                          	0.2
HARPN.2016-06-20T21-12-00.435_ccf_K5     	43.256031804041         	0.778027883170358        	12.9263978924558             	0.0955467535296745        	12.17                    	1.6372226569115949	-29.3125469228658    	0.3                          	0.4                          	0.1
HARPN.2016-06-24T21-12-23.320_ccf_K5     	35.3686063356685        	0.628504229862106        	32.5902334947072             	0.120878102226913         	12.17                    	1.6913323650887158	-29.05998368874      	0.                           	0.1                          	0.
HARPN.2016-06-25T21-12-51.704_ccf_K5     	25.0951825537017        	1.16418493363008         	38.0462801767335             	0.113210544012117         	12.17                    	1.8071343476045425	-28.979273701379     	0.                           	0.                           	0.1
