FILE                                                    	HIERARCH TNG DRS CCF RVC	HIERARCH TNG DRS CCF FWHM	HIERARCH TNG DRS CCF CONTRAST	HIERARCH TNG DRS CCF NOISE	HIERARCH TNG TEL TARG MAG	AIRMASS           	HIERARCH TNG DRS BERV	HIERARCH TNG DRS SPE EXT SN20	HIERARCH TNG DRS SPE EXT SN50	HIERARCH TNG DRS SPE EXT SN68	
HARPN.2015-01-22T03-16-12.014_ccf_K5     	29.9794039448261        	5.72011049904873         	31.979463969851              	0.00531482282328951       	12.17                    	1.186987605233251 	23.9807327611843     	9.4                          	32.1                         	29.9
HARPN.2015-01-22T03-46-37.071_ccf_K5     	29.979531766428         	5.73685317117202         	31.9668989299491             	0.00457086042225371       	12.17                    	1.1623745799755356	23.9197398332722     	11.                          	35.8                         	32.4
HARPN.2015-01-23T03-05-16.499_ccf_K5     	29.9665817424476        	5.7354636917706          	32.0221193822083             	0.0061930028339795        	12.17                    	1.1958460478113595	23.6642083171613     	8.4                          	28.4                         	24.9
HARPN.2015-01-23T03-35-41.956_ccf_K5     	29.9796604402368        	5.7377453151862          	31.8589254536162             	0.00598521421452217       	12.17                    	1.1660813364448652	23.6026733456568     	9.2                          	29.                          	24.1
HARPN.2015-01-24T03-09-37.418_ccf_K5     	29.9683046006537        	5.71185628650233         	31.9550917667181             	0.00627722684320138       	12.17                    	1.1854803609847926	23.3086440563448     	8.1                          	28.3                         	26.6
HARPN.2015-01-24T03-40-02.483_ccf_K5     	29.9662041633283        	5.71539356207894         	31.9889355969718             	0.00435156299837581       	12.17                    	1.1617904630310842	23.2480091468879     	11.5                         	37.                          	32.8
HARPN.2015-01-25T05-28-07.766_ccf_K5     	29.9657592220808        	5.71845518594535         	32.0761656573965             	0.00846848975299458       	12.17                    	1.2631213152487972	22.6805095856737     	6.4                          	22.9                         	20.1
HARPN.2015-01-25T05-58-32.806_ccf_K5     	29.9768043280106        	5.76888062869096         	31.8071965329659             	0.0075386944767683        	12.17                    	1.3541874595318524	22.6200032006478     	6.9                          	25.                          	22.
HARPN.2015-01-26T02-51-15.712_ccf_K5     	29.9642227421067        	5.73063296217406         	31.8407869040603             	0.0102843775445171        	12.17                    	1.1988544879896066	22.6338587823833     	5.4                          	20.1                         	18.6
HARPN.2015-01-26T03-21-41.168_ccf_K5     	29.9622152414583        	5.66904342394192         	32.0596101733662             	0.0104217413356741        	12.17                    	1.1674085503263136	22.5711789596467     	5.3                          	19.6                         	18.1
HARPN.2015-01-28T02-29-28.993_V1.9_ccf_K5	29.9684497966728        	5.75124599390124         	31.8016147595386             	0.00699737692274455       	12.1                     	1.2212152051132428	21.9357983990658     	7.4                          	26.2                         	24.1
HARPN.2015-01-29T04-05-06.608_ccf_K5     	29.9822580387185        	5.73777233180421         	31.9301985351917             	0.00502958314683037       	12.17                    	1.165420319977842 	21.363930351547      	10.8                         	32.7                         	26.7
HARPN.2015-01-29T04-35-31.263_ccf_K5     	29.9693654967444        	5.74798770698153         	31.7840396562349             	0.00694632698273553       	12.17                    	1.1945205995384862	21.3132545834393     	7.9                          	26.1                         	22.3
HARPN.2015-01-30T05-15-57.549_ccf_K5     	30.0254101700382        	5.82463721451877         	31.298518080759              	0.0358369416400021        	12.17                    	1.2824089035768669	20.8403718784595     	1.5                          	7.6                          	7.
HARPN.2015-01-30T05-46-22.676_ccf_K5     	29.9885361593255        	5.7302231508906          	32.1576760400178             	0.0432799477254551        	12.17                    	1.3827940615839616	20.7858067385867     	1.3                          	6.2                          	5.7
HARPN.2015-01-31T03-20-22.536_ccf_K5     	29.9853693680644        	5.73632052224962         	31.7134350305301             	0.00997986979537245       	12.17                    	1.1592458122309686	20.6776463880784     	5.7                          	20.4                         	17.6
HARPN.2015-01-31T03-50-47.993_ccf_K5     	29.9819407218158        	5.79123316790781         	31.3961102824768             	0.00819603457416366       	12.17                    	1.1622550403149705	20.6249112039469     	6.9                          	23.4                         	20.1
HARPN.2015-02-01T04-19-07.013_ccf_K5     	29.975553286466         	5.7290627811381          	31.798153362405              	0.00395503874378987       	12.17                    	1.1888181508418605	20.1685865243129     	13.5                         	39.3                         	30.5
HARPN.2015-02-01T04-49-32.470_ccf_K5     	29.9799900282244        	5.728072611143           	31.9464680439032             	0.00356589626631895       	12.17                    	1.2384109325300539	20.1073340317429     	14.7                         	42.4                         	31.9
HARPN.2015-02-15T03-40-21.202_V1.9_ccf_K5	29.9580251908779        	5.70832933736973         	31.6463051932893             	0.0150694159448562        	12.1                     	1.2121428840678834	14.1496581017226     	3.6                          	14.8                         	13.5
HARPN.2015-02-15T04-10-46.660_V1.9_ccf_K5	29.9714214546027        	5.6914214064812          	31.7383452731436             	0.0154299474728504        	12.1                     	1.2763833712377317	14.0882139950563     	3.6                          	14.5                         	13.2
HARPN.2015-02-16T03-20-45.434_V1.9_ccf_K5	29.9838454096497        	5.7734636356597          	31.8523702451782             	0.00744780689750815       	12.1                     	1.1895870939129445	13.713352307866      	6.8                          	24.6                         	22.3
HARPN.2015-02-16T03-51-10.146_V1.9_ccf_K5	29.9914398040565        	5.70533751994291         	31.553422162218              	0.0184176950506539        	12.1                     	1.2263740690517937	13.6629156901249     	2.9                          	13.                          	11.6
HARPN.2015-02-17T01-43-34.498_V1.9_ccf_K5	29.967912631806         	5.75670653774448         	31.6431634000321             	0.0118264545801984        	12.1                     	1.1768723476922578	13.4372307409288     	4.6                          	17.7                         	16.3
HARPN.2015-02-17T02-13-59.552_V1.9_ccf_K5	29.9765875166763        	5.74733037413154         	31.7275049897468             	0.00748148040264928       	12.1                     	1.159161604016005 	13.3735319527351     	6.9                          	24.4                         	21.5
HARPN.2015-02-17T02-44-25.413_V1.9_ccf_K5	29.9676723329606        	5.74402058564119         	31.8783813759761             	0.0066161073918628        	12.1                     	1.1624871504693626	13.311868423887      	7.8                          	26.7                         	22.9
HARPN.2015-02-21T04-39-52.203_V1.9_ccf_K5	29.9874879313438        	5.73698956161814         	31.7410277794671             	0.00990112797593819       	12.1                     	1.4731046992565349	11.1249308343538     	5.3                          	20.4                         	17.9
HARPN.2015-02-21T05-10-16.855_V1.9_ccf_K5	29.9738153726601        	5.76562165066409         	31.6008218053565             	0.0124135856861139        	12.1                     	1.6629137703298718	11.0730645980881     	4.3                          	17.3                         	15.4
HARPN.2015-03-13T23-07-55.945_V1.9_ccf_K5	29.9888846594888        	5.76151262028773         	31.8162312457165             	0.00421022533682812       	12.1                     	1.275295918649475 	1.02623309722156     	11.9                         	37.5                         	31.6
HARPN.2015-03-13T23-38-21.071_V1.9_ccf_K5	29.9817209702723        	5.75580590808443         	31.771199342685              	0.00440269692472162       	12.1                     	1.211456552086083 	0.966704374705345    	11.3                         	36.3                         	31.1
HARPN.2015-03-15T23-29-23.826_V1.9_ccf_K5	29.9819809672968        	5.75049804093158         	31.5761082372738             	0.0123510148921514        	12.1                     	1.2133195876047138	-0.0677259768132666  	4.6                          	17.1                         	14.6
HARPN.2015-03-15T23-59-49.279_V1.9_ccf_K5	29.9983495947037        	5.78145876921552         	31.8155393511783             	0.00895435038401577       	12.1                     	1.174758053043942 	-0.131108857329746   	6.4                          	21.3                         	16.8
HARPN.2015-03-17T23-44-26.278_V1.9_ccf_K5	29.9777853511008        	5.78584440293929         	31.6472366601761             	0.00566916623988363       	12.1                     	1.1820389932183228	-1.14275400222686    	9.                           	30.                          	26.2
HARPN.2015-03-18T00-17-08.858_V1.9_ccf_K5	29.9762398075426        	5.76295830242826         	31.7069383246585             	0.00595034912907261       	12.1                     	1.1599108117002455	-1.21203651729634    	8.6                          	29.                          	26.1
HARPN.2015-03-25T22-27-20.960_ccf_K5     	29.9746192400565        	5.76637085967543         	31.6814873785921             	0.00462470098169922       	12.17                    	1.2589224000004648	-5.14163296077059    	10.7                         	35.3                         	31.3
HARPN.2015-03-26T02-53-24.660_ccf_K5     	29.9695563298954        	5.77207644240304         	31.6928644774633             	0.00605045881726292       	12.17                    	1.6116315107364667	-5.67875011337138    	7.9                          	29.2                         	27.7
HARPN.2015-03-26T22-44-38.930_V1.9_ccf_K5	29.9944835554007        	5.78146912492463         	31.6615339471899             	0.00784367666319162       	12.1                     	1.2158078577717872	-5.68981932610534    	6.5                          	23.7                         	21.7
HARPN.2015-03-26T23-15-05.188_V1.9_ccf_K5	29.9761346595711        	5.76669738108798         	31.7557910935268             	0.004954333033653         	12.1                     	1.1760738910257604	-5.74722442041676    	10.5                         	33.1                         	27.9
HARPN.2015-03-28T01-05-23.222_V1.9_ccf_K5	29.9705189387768        	5.75344972856803         	31.4297766440953             	0.00965247836671001       	12.1                     	1.2230601486797141	-6.48607922131907    	5.4                          	21.1                         	21.4
HARPN.2015-03-28T01-35-51.009_V1.9_ccf_K5	29.9680360864205        	5.7843102792644          	31.3288286438973             	0.00959367180280394       	12.1                     	1.2935224863055281	-6.55055522816958    	5.5                          	21.4                         	21.7
HARPN.2015-03-31T00-37-42.577_V1.9_ccf_K5	29.979883087548         	5.73377245530765         	29.2641685993731             	0.0195963642164094        	12.1                     	1.1975146351836707	-7.93111607433441    	3.4                          	12.5                         	10.1
HARPN.2015-03-31T01-08-07.614_V1.9_ccf_K5	29.9889754072687        	5.66263491036205         	30.2320033133316             	0.0126197284186679        	12.1                     	1.2528732971869367	-7.99408429582961    	4.8                          	16.9                         	13.1
HARPN.2015-04-04T23-28-13.233_V1.9_ccf_K5	29.9800759914696        	5.76163037924939         	31.4268801954077             	0.00334625323479865       	12.1                     	1.158787617960674 	-10.2276206393799    	15.3                         	44.6                         	36.9
HARPN.2015-04-04T23-58-38.691_V1.9_ccf_K5	29.9763317888827        	5.7429412947             	31.4864283297032             	0.00309895870453062       	12.1                     	1.1753195845691864	-10.2929121261723    	15.7                         	47.9                         	42.1
HARPN.2015-04-06T00-09-46.725_V1.9_ccf_K5	29.9730215288969        	5.77070245087518         	31.4931577539334             	0.00420960207457435       	12.1                     	1.1916464896639039	-10.7951323255404    	12.                          	37.6                         	33.
HARPN.2015-04-06T00-40-12.584_V1.9_ccf_K5	29.9727841647339        	5.73864096612043         	31.477794809774              	0.00410477914109168       	12.1                     	1.2431819103028492	-10.8577211161576    	12.                          	38.7                         	34.9
HARPN.2015-04-06T01-45-02.694_ccf_K5     	29.9592634020759        	5.81660618981493         	30.9853330640342             	0.0182445872768446        	12.17                    	1.3578946214862337	-10.9837969784845    	3.1                          	13.1                         	9.6
HARPN.2015-04-09T00-27-59.582_V1.9_ccf_K5	29.9792226155509        	5.73431910202063         	31.9352697878375             	0.00306486940832891       	12.1                     	1.242397944600299 	-12.250607956713     	16.8                         	47.                          	35.9
HARPN.2015-04-09T00-58-25.026_V1.9_ccf_K5	29.9839753719428        	5.75046428595557         	31.8635116523776             	0.00302504735899305       	12.1                     	1.3230182540687783	-12.3096910011305    	17.                          	47.8                         	36.1
HARPN.2015-04-10T00-28-12.948_V1.9_ccf_K5	29.9816517449125        	5.73280048993682         	31.907306532363              	0.00305971740652726       	12.1                     	1.2514575617696362	-12.7158055597977    	17.4                         	46.2                         	33.8
HARPN.2015-04-10T00-58-37.601_V1.9_ccf_K5	29.9821812197895        	5.73839467610563         	31.888650659916              	0.00324713898179247       	12.1                     	1.3366285285683623	-12.7759114794909    	16.5                         	43.9                         	31.7
HARPN.2015-04-11T01-06-29.394_V1.9_ccf_K5	29.9850503537552        	5.73692188188619         	31.9152510170681             	0.00502461519143614       	12.1                     	1.3796723622616716	-13.2525323757318    	10.5                         	32.2                         	26.3
HARPN.2015-04-11T01-36-53.308_V1.9_ccf_K5	29.9736216210471        	5.74959643276574         	31.745075850649              	0.00657976264054594       	12.1                     	1.5255009224724616	-13.3054302264871    	8.                           	26.7                         	22.7
HARPN.2015-04-11T20-26-49.093_V1.9_ccf_K5	29.9822554137879        	5.73724898314404         	31.830309753742              	0.00522495422939786       	12.1                     	1.4432583956466216	-13.1550530913685    	9.9                          	31.5                         	26.5
HARPN.2015-04-13T02-01-16.838_V1.9_ccf_K5	29.9725970164433        	5.73025364418387         	32.0220305421145             	0.00352516828840966       	12.1                     	1.7574320532219543	-14.2582863917691    	13.2                         	43.9                         	37.6
HARPN.2015-04-13T02-31-42.302_V1.9_ccf_K5	29.9584155752315        	5.74678302842706         	31.7796813557749             	0.00966930869895713       	12.1                     	1.6019588605769635	-14.3033129253467    	5.2                          	21.3                         	18.
HARPN.2015-04-25T01-10-07.216_V1.9_ccf_K5	29.9768014472415        	5.76452584397758         	31.7014112935436             	0.00423145861851043       	12.1                     	1.7230657468195456	-19.2331034962417    	9.8                          	38.6                         	41.3
HARPN.2015-04-25T01-40-32.775_V1.9_ccf_K5	29.986043300744         	5.80009612395555         	31.5114899181562             	0.00552640600828267       	12.1                     	2.042777077765394 	-19.2766184199943    	7.1                          	31.2                         	37.8
HARPN.2015-04-26T22-04-14.593_V1.9_ccf_K5	29.9878798912012        	5.78372155212499         	31.5828788124313             	0.00411205683545811       	12.1                     	1.1593888786880862	-19.6487822396321    	12.1                         	38.7                         	33.8
HARPN.2015-04-26T22-34-39.648_V1.9_ccf_K5	29.9800800078271        	5.77984849221427         	31.6669092650389             	0.00363531556202406       	12.1                     	1.1777036315557792	-19.708471479817     	13.9                         	42.3                         	34.5
HARPN.2015-04-28T00-29-50.724_V1.9_ccf_K5	29.9816723640577        	5.82256807458314         	30.5991644184594             	0.00845792369976888       	12.1                     	1.524564400402469 	-20.3004470098951    	5.9                          	24.2                         	25.8
HARPN.2015-04-28T01-00-16.979_V1.9_ccf_K5	29.9834064797186        	5.79470997981707         	30.9102922889572             	0.00716696672633127       	12.1                     	1.7395764646079437	-20.3460877174829    	6.2                          	26.2                         	28.9
HARPN.2015-05-02T22-41-48.092_V1.9_ccf_K5	29.978991956017         	5.78267658265138         	29.1961120994479             	0.00716246586456739       	12.1                     	1.2193240386132491	-21.8605464363661    	8.8                          	25.7                         	18.
HARPN.2015-05-02T23-12-13.216_V1.9_ccf_K5	29.9792229352233        	5.702913480701           	25.2842209173599             	0.0143705934722677        	12.1                     	1.2876995288071185	-21.9240399577072    	5.7                          	16.5                         	10.9
HARPN.2015-05-04T00-45-21.716_V1.9_ccf_K5	29.9815148163514        	5.7907005933553          	29.6397998071766             	0.00769972570704259       	12.1                     	1.8189749907223551	-22.4157926863478    	7.                           	25.2                         	23.5
HARPN.2015-05-04T01-15-46.770_V1.9_ccf_K5	29.9709385920304        	5.80517966062867         	29.9014795730097             	0.00704412499190798       	12.1                     	2.19392235247681  	-22.4565306676856    	7.2                          	26.7                         	26.8
HARPN.2015-05-04T21-49-06.854_V1.9_ccf_K5	29.9762820050475        	5.76707487692714         	31.5629643329542             	0.00374361350428041       	12.1                     	1.1665710587105749	-22.4220371778773    	13.                          	41.4                         	37.2
HARPN.2015-05-04T22-19-32.353_V1.9_ccf_K5	29.978086159902         	5.78487422702159         	31.4054980539607             	0.00498572171242436       	12.1                     	1.1967762024523847	-22.4835997169241    	10.3                         	33.4                         	30.5
HARPN.2015-05-05T23-13-06.625_V1.9_ccf_K5	29.9707285723167        	5.75682725499474         	31.5160106377141             	0.00518430002395275       	12.1                     	1.3258031074318415	-22.9088886499693    	9.8                          	32.4                         	28.9
HARPN.2015-05-05T23-43-30.977_V1.9_ccf_K5	29.9657606739769        	5.76002667636212         	31.475686340798              	0.00499698466696005       	12.1                     	1.4465441525924594	-22.9648584811442    	9.3                          	33.8                         	34.
HARPN.2015-05-10T22-45-17.581_V1.9_ccf_K5	29.9751026758181        	5.75197769163749         	31.7666446028944             	0.00467757742874583       	12.1                     	1.3005341743062961	-24.3743808650055    	10.2                         	35.5                         	32.6
HARPN.2015-05-10T23-15-43.098_V1.9_ccf_K5	29.9787800879302        	5.72587819216005         	31.8022380071644             	0.00552768003281651       	12.1                     	1.4095224271372737	-24.4287228331498    	8.6                          	31.5                         	29.3
HARPN.2015-05-11T23-09-18.239_V1.9_ccf_K5	29.9739851955958        	5.80334762304939         	30.7203496938945             	0.0248453635465926        	12.1                     	1.3929022976087284	-24.6957016338477    	1.9                          	11.                          	14.1
HARPN.2015-05-13T22-42-27.593_V1.9_ccf_K5	29.9578181033622        	5.77602169098547         	31.2056128303538             	0.0150720670356984        	12.1                     	1.3285522103745953	-25.2012520822307    	3.2                          	15.9                         	20.2
HARPN.2015-05-13T23-12-53.106_V1.9_ccf_K5	29.9944395609427        	5.71817933039823         	31.0548549142934             	0.0177082219892957        	12.1                     	1.4504745059834385	-25.2551824098437    	2.6                          	14.2                         	18.4
HARPN.2015-05-16T22-24-45.392_V1.9_ccf_K5	29.9756583150415        	5.7321644154694          	32.0314956986482             	0.00389877205581859       	12.1                     	1.3097174352535275	-25.9338385580373    	13.9                         	38.8                         	26.2
HARPN.2015-05-16T22-55-10.858_V1.9_ccf_K5	29.984076308196         	5.72432148081316         	32.0489390428849             	0.00396499756525715       	12.1                     	1.4230202894126331	-25.986998238992     	13.                          	38.9                         	29.
HARPN.2015-05-17T22-49-08.124_ccf_K5     	29.9818950357409        	5.74031068624071         	31.9913882848572             	0.00360126922351465       	12.17                    	1.4136251410177845	-26.2160602240841    	12.8                         	43.3                         	38.9
HARPN.2015-05-17T23-19-34.383_ccf_K5     	29.9693170123752        	5.71462683050403         	31.99817503674               	0.00342184703330139       	12.17                    	1.5753868486975937	-26.2642796084587    	13.2                         	45.2                         	40.6
HARPN.2015-05-18T22-17-57.055_ccf_K5     	29.9744004474204        	5.72509550782159         	31.9432022585931             	0.00391924812975812       	12.17                    	1.312820583865523 	-26.3893570032397    	11.8                         	40.3                         	37.7
HARPN.2015-05-18T22-48-21.984_ccf_K5     	29.979272072096         	5.7128073808159          	31.9197877286789             	0.00583437855447806       	12.17                    	1.4275114315256348	-26.4436401176622    	8.3                          	29.8                         	27.7
HARPN.2015-05-29T21-58-19.577_V1.9_ccf_K5	29.9836193958337        	5.727477326464           	31.7470919165982             	0.00406762129764896       	12.1                     	1.3981492045775008	-28.35181147979      	12.1                         	38.1                         	33.
HARPN.2015-05-29T22-28-45.041_V1.9_ccf_K5	29.9611497923577        	5.729014691181           	31.3906743643184             	0.0183726253489402        	12.1                     	1.4261659665316417	-28.3954272210217    	3.                           	12.9                         	10.8
HARPN.2015-05-30T21-26-22.181_V1.9_ccf_K5	29.9803955239993        	5.74961594211468         	31.3950500072766             	0.00639832405789258       	12.1                     	1.2996199933545598	-28.4298011618868    	7.9                          	27.2                         	25.7
HARPN.2015-05-30T21-56-48.039_V1.9_ccf_K5	29.9725121764358        	5.72591759923642         	31.2129068252174             	0.0082990416839691        	12.1                     	1.4082590952899665	-28.482918663821     	6.1                          	22.6                         	21.8
HARPN.2015-06-01T21-13-53.684_V1.9_ccf_K5	29.9820350146159        	5.73681184062365         	31.7705467224471             	0.00330576850534488       	12.1                     	1.286644723048521 	-28.6542196778997    	16.4                         	42.6                         	29.7
HARPN.2015-06-01T21-44-19.140_V1.9_ccf_K5	29.9859389871331        	5.73842579323429         	31.6976525693856             	0.00321159359203694       	12.1                     	1.3889826318829839	-28.704303024197     	16.2                         	44.6                         	33.
HARPN.2015-06-02T21-21-57.928_V1.9_ccf_K5	29.9825931794483        	5.75844377313824         	31.5964496231175             	0.00400837979245432       	12.1                     	1.3222666954339684	-28.7799570063612    	12.5                         	38.5                         	32.7
HARPN.2015-06-02T21-52-22.970_V1.9_ccf_K5	29.9845932902976        	5.73583963673133         	31.5005740600661             	0.00434856825474681       	12.1                     	1.4414479599688819	-28.8267166118698    	11.6                         	36.2                         	31.
HARPN.2015-06-03T21-42-36.515_V1.9_ccf_K5	29.9715567759807        	5.75296744637494         	31.729112000576              	0.00358700838649467       	12.1                     	1.414885825852346 	-28.9155313461797    	14.9                         	40.6                         	29.1
HARPN.2015-06-03T22-13-01.237_V1.9_ccf_K5	29.9783805786298        	5.74616847047934         	31.7043109451677             	0.00333908212120833       	12.1                     	1.5771390764962143	-28.9614252606762    	15.5                         	43.4                         	31.2
HARPN.2015-06-04T21-17-14.547_V1.9_ccf_K5	29.9723650618344        	5.72623369985441         	31.8506314005949             	0.00629355297419906       	12.1                     	1.3325871292809117	-28.9701129857924    	8.4                          	26.9                         	22.3
HARPN.2015-06-04T21-47-39.604_V1.9_ccf_K5	29.9795187131724        	5.74988443796275         	31.7582795249324             	0.00616996200810194       	12.1                     	1.4565023566669348	-29.0175797246637    	8.5                          	27.4                         	23.
HARPN.2015-06-06T21-09-56.716_ccf_K5     	29.9836069565523        	5.71260612093069         	31.9083208240311             	0.00663282087819754       	12.17                    	1.3346273764112306	-29.123259054181     	7.9                          	26.1                         	21.9
HARPN.2015-06-06T21-41-49.439_ccf_K5     	29.9666459450517        	5.738230653207           	31.8413212061056             	0.00756672031051638       	12.17                    	1.466779102171903 	-29.1727258061244    	6.9                          	24.                          	20.1
HARPN.2015-06-07T21-28-27.306_ccf_K5     	29.9789340214735        	5.74164022491413         	31.9547812838099             	0.00312582149750355       	12.17                    	1.422042773747387 	-29.2277197540404    	16.8                         	45.5                         	29.8
HARPN.2015-06-07T21-58-51.659_ccf_K5     	29.9751779269664        	5.72561866159721         	31.9785829252286             	0.0030379296781296        	12.17                    	1.5875274502590395	-29.273635894381     	17.1                         	46.6                         	31.
HARPN.2015-06-08T21-14-54.785_ccf_K5     	29.9692676761249        	5.71544939103249         	31.988652365869              	0.00444855754470281       	12.17                    	1.3815572575773012	-29.2707466690684    	11.5                         	35.2                         	26.9
HARPN.2015-06-08T21-45-19.525_ccf_K5     	29.9744701674633        	5.75472643260657         	31.8756755836271             	0.00516590604637931       	12.17                    	1.5281598315642486	-29.3203260741887    	9.9                          	31.9                         	25.
HARPN.2015-06-11T21-14-25.417_ccf_K5     	29.9743828838551        	5.73657208877486         	31.9201147829257             	0.00347160995708088       	12.17                    	1.4296374011706425	-29.4142152459563    	13.1                         	43.5                         	40.8
HARPN.2015-06-11T21-44-50.475_ccf_K5     	29.9728162557001        	5.75508604283704         	31.8361369380555             	0.00372334578181902       	12.17                    	1.5988155745628434	-29.4598950492601    	11.9                         	41.6                         	40.9
HARPN.2015-06-12T21-11-37.529_ccf_K5     	29.9725286795335        	5.73597199343112         	31.8750747753938             	0.00522719780576845       	12.17                    	1.4349228685340978	-29.4393551745071    	10.                          	30.8                         	24.7
HARPN.2015-06-14T21-15-45.969_ccf_K5     	29.9724548339581        	5.74312799443734         	31.8928355968707             	0.00304532223749659       	12.17                    	1.4948252617710078	-29.4838703938538    	16.                          	47.7                         	37.9
HARPN.2015-06-15T21-17-04.419_ccf_K5     	29.9722450447462        	5.76258762105841         	31.8557401314012             	0.00644404418902198       	12.17                    	1.5239464811330496	-29.4897309178294    	7.3                          	27.1                         	27.1
HARPN.2015-06-15T21-47-29.071_ccf_K5     	29.9825428043009        	5.77004793106263         	31.649580201548              	0.00869770664906323       	12.17                    	1.7385118402256696	-29.5300694400898    	5.8                          	22.4                         	21.6
HARPN.2015-06-16T21-10-57.008_ccf_K5     	29.9813032576247        	5.77995923893732         	31.5994032453207             	0.00748933526323111       	12.17                    	1.511617512812863 	-29.4775096389714    	7.1                          	24.1                         	20.1
HARPN.2015-06-16T21-41-21.747_ccf_K5     	29.9723203192151        	5.70909984260251         	31.8090543441181             	0.00845750333638155       	12.17                    	1.720115493108412 	-29.5154036470287    	6.1                          	22.4                         	19.7
HARPN.2015-06-17T21-12-55.057_ccf_K5     	29.9790201886282        	5.74585941921796         	31.8808514531826             	0.00296655898645487       	12.17                    	1.545775699312057 	-29.465545228411     	16.8                         	48.3                         	37.5
HARPN.2015-06-17T21-43-20.110_ccf_K5     	29.9762437234162        	5.74782971928688         	31.9812696302156             	0.0028447877966166        	12.17                    	1.7710420338553716	-29.5063165966307    	18.2                         	49.2                         	33.2
HARPN.2015-06-18T21-13-30.778_ccf_K5     	29.9812865196938        	5.74822488774647         	31.8483403978603             	0.00343638859024303       	12.17                    	1.5736448663036868	-29.4449497888218    	15.2                         	42.3                         	31.1
HARPN.2015-06-18T21-43-55.430_ccf_K5     	29.9792511936193        	5.72992131549173         	31.9296478110185             	0.00323129871593788       	12.17                    	1.8129768237684036	-29.4838043609644    	16.1                         	44.6                         	31.
HARPN.2015-06-19T21-18-29.190_ccf_K5     	29.9857172607984        	5.74386835883229         	31.8783618786235             	0.00308748127831151       	12.17                    	1.6342015453685237	-29.4195676365168    	15.1                         	48.                          	41.
HARPN.2015-06-19T21-48-53.845_ccf_K5     	29.9779432720985        	5.75835124487102         	31.8457084542166             	0.00320999570104949       	12.17                    	1.9051261840613736	-29.456784418061     	14.4                         	46.9                         	39.8
HARPN.2015-06-29T21-08-01.425_V1.9_ccf_K5	29.9754226896624        	5.76070979690249         	31.1328640937281             	0.00616857410074817       	12.1                     	1.8881565409975216	-28.6369475327818    	8.6                          	28.1                         	22.7
HARPN.2015-06-30T21-11-22.183_V1.9_ccf_K5	29.9782840386724        	5.77461109589502         	30.6733665824906             	0.00823712862712514       	12.1                     	1.970545054424134 	-28.5218106590918    	6.4                          	23.                          	20.9
HARPN.2015-12-23T04-58-08.851_ccf_K5     	29.9756557900889        	5.72821151233285         	31.9954455631386             	0.00327629913491194       	12.17                    	1.2108701950404133	30.0630147481433     	15.9                         	44.4                         	35.9
HARPN.2015-12-23T05-28-34.716_ccf_K5     	29.9726104374124        	5.72645748896807         	31.9980505987631             	0.00352123132218834       	12.17                    	1.1734785471830471	30.0093164161787     	15.4                         	41.7                         	32.8
HARPN.2015-12-24T05-19-47.063_ccf_K5     	29.970603595457         	5.74460250173423         	31.9110778522653             	0.00396560281973345       	12.17                    	1.1778522514979795	29.9459618190093     	12.6                         	38.8                         	36.3
HARPN.2015-12-24T05-50-12.503_ccf_K5     	29.977519697347         	5.73078338764917         	31.8874005242068             	0.00411913900294788       	12.17                    	1.1594132983952323	29.889958696031      	12.3                         	37.7                         	35.2
HARPN.2015-12-25T05-57-58.220_ccf_K5     	29.9838100729082        	5.79206380649497         	31.6232174895196             	0.00758755246782615       	12.17                    	1.1579318877070948	29.7865567535908     	7.4                          	23.9                         	21.6
HARPN.2015-12-25T06-28-22.652_ccf_K5     	29.9767229857735        	5.75902238958451         	31.7514349701521             	0.00934854803666495       	12.17                    	1.1686185035127499	29.7310639277594     	6.3                          	20.9                         	19.2
HARPN.2015-12-28T05-05-33.805_ccf_K5     	29.9745308256545        	5.7476170150495          	31.8474694985932             	0.00441436184763513       	12.17                    	1.176470948281362 	29.5677886273474     	13.                          	34.4                         	26.7
HARPN.2015-12-28T05-35-59.263_ccf_K5     	29.9816980292           	5.76723233557808         	31.8401917730243             	0.0047400301384149        	12.17                    	1.159085577364379 	29.5147403695089     	12.4                         	32.2                         	24.6
HARPN.2015-12-29T05-03-25.668_ccf_K5     	29.9715671050333        	5.77931713385191         	31.7412942216085             	0.00500090297585162       	12.17                    	1.1748112166057416	29.4469134959573     	9.2                          	33.5                         	36.4
HARPN.2015-12-29T05-33-50.720_ccf_K5     	29.9716339639112        	5.74837952835582         	31.8301966124095             	0.00456993016147462       	12.17                    	1.158679158953504 	29.3961017051056     	10.4                         	35.5                         	36.6
HARPN.2016-01-03T04-43-57.085_V1.9_ccf_K5	29.9732374764975        	5.77061624647329         	31.6922993260878             	0.00528499059536867       	12.1                     	1.174638077622222 	28.7415077678092     	9.5                          	31.8                         	32.1
HARPN.2016-01-03T05-14-22.943_V1.9_ccf_K5	29.9752832694889        	5.74983247705166         	31.8223183116076             	0.00447427643745129       	12.1                     	1.1586641048019206	28.6825563547663     	11.4                         	35.7                         	33.7
HARPN.2016-01-04T04-22-09.289_V1.9_ccf_K5	29.9817047113195        	5.77236159072151         	31.7587947666698             	0.00580232650248311       	12.1                     	1.1942910863248595	28.6086364635607     	8.9                          	29.6                         	27.4
HARPN.2016-01-04T05-59-43.542_V1.9_ccf_K5	29.9800255714796        	5.77228415086421         	31.7725453934777             	0.00471925096091749       	12.1                     	1.1774662964945908	28.4185253040661     	9.8                          	34.7                         	37.7
HARPN.2016-01-20T02-59-06.870_ccf_K5     	29.9656011903824        	5.73988569930272         	31.8132437717466             	0.00439759219350848       	12.17                    	1.226726006018853 	24.7276464164268     	12.8                         	35.                          	27.3
HARPN.2016-01-20T03-29-32.338_ccf_K5     	29.9670694438777        	5.73300993353925         	31.9069533472641             	0.00409506431827296       	12.17                    	1.1821236367617298	24.6719944197884     	14.                          	36.4                         	26.5
HARPN.2016-01-21T02-20-48.214_ccf_K5     	29.9644194439685        	5.76957908207282         	31.7285689923459             	0.00483452260856407       	12.17                    	1.3108434382796774	24.478795464946      	11.8                         	32.7                         	25.2
HARPN.2016-01-21T02-51-14.476_ccf_K5     	29.9547691658862        	5.76911670712053         	31.7004046473255             	0.00592260638887095       	12.17                    	1.2344151992710366	24.4251250533339     	10.                          	27.9                         	21.7
HARPN.2016-01-25T04-43-11.867_ccf_K5     	29.9500744602546        	5.78126559608257         	31.0975936228854             	0.00683242086687097       	12.17                    	1.1837877679597653	22.8570333365511     	7.                           	26.                          	31.8
HARPN.2016-01-25T05-13-38.128_ccf_K5     	29.9362270563266        	5.79562718662422         	30.9830057654264             	0.00638621692100355       	12.17                    	1.2296562946246044	22.7966989081797     	6.9                          	27.7                         	36.1
HARPN.2016-01-26T04-33-07.838_ccf_K5     	29.9489483613703        	5.77461855401112         	30.9759658916551             	0.008706959085868         	12.17                    	1.1774358491293428	22.5262802509432     	6.4                          	22.                          	22.5
HARPN.2016-01-26T05-03-32.503_ccf_K5     	29.9495581213029        	5.82206880515206         	30.2234782622546             	0.0128934455808721        	12.17                    	1.2182523701489838	22.4653753217447     	4.9                          	17.3                         	17.8
HARPN.2016-02-03T04-15-13.935_ccf_K5     	29.96929141596          	5.74770908887862         	31.7102960655439             	0.00799427146497273       	12.1                     	1.1927598623832496	19.4990356051345     	6.3                          	23.7                         	24.4
HARPN.2016-02-03T04-45-39.393_ccf_K5     	29.9816211709011        	5.73571147489023         	31.8175980249121             	0.00634160865879496       	12.1                     	1.2449471982626377	19.438774504249      	7.8                          	28.                          	27.4
HARPN.2016-02-04T04-48-59.651_ccf_K5     	29.9756397376217        	5.77349095809678         	31.7492859771043             	0.00405835334639002       	12.17                    	1.2614813898885817	19.0148323966082     	13.1                         	38.3                         	31.5
HARPN.2016-02-04T05-19-25.499_ccf_K5     	29.98508996454          	5.77514305163245         	31.8006533243932             	0.00347322975595171       	12.17                    	1.3517098284011533	18.9608647932909     	14.6                         	43.8                         	36.9
HARPN.2016-02-14T02-11-11.017_ccf_K5     	29.9842173036889        	5.75598260009369         	31.7026817748453             	0.00466951752655081       	12.17                    	1.1656907538889323	14.9048772609623     	9.5                          	35.3                         	39.7
HARPN.2016-02-14T02-41-36.064_ccf_K5     	29.9784043267554        	5.77639425071903         	31.6565335071499             	0.00509691466141762       	12.17                    	1.1582957816366104	14.8419953527363     	9.4                          	32.9                         	34.7
HARPN.2016-02-15T04-24-53.197_ccf_K5     	29.9778283715652        	5.78103893837043         	31.6819391257167             	0.0050466180980383        	12.17                    	1.3140180436468811	14.1584730154776     	9.6                          	33.3                         	33.4
HARPN.2016-02-15T04-55-18.251_ccf_K5     	29.9725466636145        	5.77070812652946         	31.7135175405684             	0.00636000260138872       	12.17                    	1.4292228990259175	14.1024314777404     	7.8                          	27.8                         	27.6
HARPN.2016-02-27T01-25-37.632_ccf_K5     	29.9737928563864        	5.75011150537936         	31.5316051143624             	0.00615713231022861       	12.1                     	1.1626612082040646	8.65827916763745     	8.9                          	28.                          	24.6
HARPN.2016-02-27T01-56-02.283_ccf_K5     	29.9927814307628        	5.76882067847235         	31.3822793336169             	0.00700299370070524       	12.1                     	1.1590901966944684	8.59471047560688     	7.9                          	25.6                         	23.
HARPN.2016-03-11T00-53-02.308_ccf_K5     	29.9777648548927        	5.73550548279179         	31.8123067111153             	0.00422428596399489       	12.17                    	1.1580498766678973	1.97685149793537     	13.8                         	35.2                         	24.6
HARPN.2016-03-11T01-23-26.959_ccf_K5     	29.9773256193932        	5.75371838051283         	31.8371232546942             	0.00419965291061488       	12.17                    	1.1672184772704808	1.91363554540506     	13.5                         	35.9                         	26.4
HARPN.2016-03-13T03-28-08.551_ccf_K5     	29.9812308616224        	5.77111822322844         	31.7844375398067             	0.00461229168043057       	12.17                    	1.5268977476541892	0.609560682173769    	12.9                         	33.1                         	22.
HARPN.2016-03-13T03-58-34.826_ccf_K5     	29.9778541143574        	5.76446615757441         	31.7687131876159             	0.00508263551650703       	12.17                    	1.742886489143393 	0.558415990325687    	11.9                         	30.3                         	19.8
HARPN.2016-03-14T02-28-07.777_ccf_K5     	29.9755753576492        	5.77037859401787         	31.802887391856              	0.00335280917762728       	12.17                    	1.2939929488343616	0.200459906825477    	15.1                         	44.5                         	39.
HARPN.2016-03-14T02-58-32.826_ccf_K5     	29.9765214412466        	5.76127757323275         	31.7976096154423             	0.00315305179901586       	12.17                    	1.399861688182071 	0.139192943546046    	17.4                         	45.7                         	31.9
HARPN.2016-03-15T03-18-29.661_ccf_K5     	29.9792073079048        	5.76954622427014         	31.7227267540164             	0.00405161672817799       	12.17                    	1.5167519679964847	-0.418768199920711   	12.9                         	38.6                         	31.9
HARPN.2016-03-15T03-48-54.731_ccf_K5     	29.9759248632704        	5.79186058520277         	31.6651661416418             	0.00517948240167906       	12.17                    	1.7276019477816154	-0.47159496882647    	10.7                         	33.                          	22.6
HARPN.2016-03-16T04-23-32.291_ccf_K5     	29.9755324915782        	5.7901389201622          	31.5428209090675             	0.00675605018389535       	12.17                    	2.164186405200658 	-1.04473855181207    	7.2                          	27.7                         	25.4
HARPN.2016-03-25T00-48-55.727_ccf_K5     	29.9777556594479        	5.75109261407113         	31.2007057581117             	0.00677179480198118       	12.1                     	1.1855716288201676	-5.2802543672145     	8.9                          	25.4                         	20.4
HARPN.2016-03-25T01-19-20.808_ccf_K5     	29.9867967436962        	5.77242272092404         	31.0122233268127             	0.00767754301147153       	12.1                     	1.2327815174443801	-5.34574966255796    	7.8                          	23.7                         	19.9
HARPN.2016-03-28T00-21-18.277_ccf_K5     	29.9861507924626        	5.77104238135251         	31.6035357477528             	0.00581442456823302       	12.1                     	1.1704434785153246	-6.74550540943584    	10.2                         	28.1                         	22.5
HARPN.2016-03-28T00-51-44.075_ccf_K5     	29.9848602198839        	5.77442689173643         	31.5943441910279             	0.00582944643613186       	12.1                     	1.2049991428265496	-6.80128631850025    	10.3                         	27.7                         	21.6
HARPN.2016-04-22T23-45-57.498_ccf_K5     	29.9875169140261        	5.74888363327595         	31.4853046982061             	0.00431619245980928       	12.1                     	1.2806328945840222	-18.5647776281241    	12.1                         	35.9                         	30.8
HARPN.2016-04-23T00-16-22.543_ccf_K5     	29.984477739381         	5.76414757545161         	31.4543331565806             	0.00421491617418875       	12.1                     	1.3801828339309776	-18.6241188642373    	12.7                         	36.4                         	29.4
HARPN.2016-05-04T22-36-02.774_ccf_K5     	29.9765126267424        	5.75473938485191         	31.8472900513629             	0.00435085953150441       	12.1                     	1.2287661790835027	-22.7682601088584    	12.                          	35.5                         	29.7
HARPN.2016-05-04T23-06-28.230_ccf_K5     	29.978259218364         	5.736418330033           	31.8294967650102             	0.00467772677123436       	12.1                     	1.3021985277377341	-22.8266790671381    	11.3                         	33.7                         	28.1
HARPN.2016-05-12T22-02-35.582_ccf_K5     	29.9786609552177        	5.76358833195451         	31.742817086602              	0.00453925003095214       	12.1                     	1.224945125657085 	-25.0603444054555    	10.9                         	35.2                         	33.
HARPN.2016-05-12T22-33-00.232_ccf_K5     	29.9830452856142        	5.76529748679497         	31.7118820210947             	0.00426276067873473       	12.1                     	1.2963665239022342	-25.1171954796252    	11.4                         	37.                          	34.9
HARPN.2016-05-13T22-22-04.372_ccf_K5     	29.9802731814051        	5.75247707157721         	31.6653885608511             	0.00544986817516644       	12.1                     	1.277063444259031 	-25.3563852107335    	10.                          	29.8                         	24.
HARPN.2016-05-13T22-52-30.232_ccf_K5     	29.9872522271508        	5.77340540532428         	31.7016130981467             	0.00568431762098699       	12.1                     	1.3749157817945246	-25.4116068060447    	9.5                          	29.2                         	23.9
HARPN.2016-05-17T21-56-31.694_ccf_K5     	29.9769764491804        	5.76408332590498         	31.3234267100308             	0.00624022638211515       	12.1                     	1.2529250278466333	-26.2722328418385    	8.6                          	27.3                         	24.6
HARPN.2016-05-17T22-26-57.554_ccf_K5     	29.9810183081001        	5.75746760524891         	31.320591464101              	0.00627399529589241       	12.1                     	1.3388445411118088	-26.3257828004465    	8.4                          	27.5                         	26.1
HARPN.2016-05-18T22-18-50.944_ccf_K5     	29.9644404172202        	5.75774589537726         	30.9171426557561             	0.00867616557703971       	12.17                    	1.3248584881157945	-26.5338959527075    	6.5                          	21.7                         	20.4
HARPN.2016-05-18T22-51-39.636_ccf_K5     	29.9744966363246        	5.78395426518701         	30.9843527812918             	0.00762186340829443       	12.17                    	1.456773996684625 	-26.5884780165556    	7.3                          	23.9                         	22.2
HARPN.2016-05-19T22-44-21.256_ccf_K5     	29.9737649052695        	5.74188852323747         	31.4582455914706             	0.00516737521295626       	12.17                    	1.4405504594567724	-26.791944569452     	10.7                         	30.9                         	26.1
HARPN.2016-05-19T23-16-26.596_ccf_K5     	29.9701079088953        	5.75387158815628         	31.3456626075364             	0.00534061829350702       	12.17                    	1.6265545119356777	-26.8420198832464    	10.3                         	30.6                         	25.9
HARPN.2016-05-20T22-19-14.046_ccf_K5     	29.9751531941369        	5.74230870280546         	31.6254979475742             	0.00382764196743837       	12.17                    	1.3535278477101869	-26.9555623361318    	14.8                         	37.9                         	27.6
HARPN.2016-05-20T22-51-13.976_ccf_K5     	29.9694597593466        	5.72909008868315         	31.5871066131728             	0.00403358523679745       	12.17                    	1.4954662463998978	-27.0088509741148    	14.                          	36.5                         	26.6
HARPN.2016-05-22T21-26-20.267_ccf_K5     	29.9621403588192        	5.75536195145665         	31.6042252786436             	0.00594434634151652       	12.17                    	1.2308187201263527	-27.253152266148     	8.8                          	28.5                         	26.2
HARPN.2016-05-22T23-06-01.697_ccf_K5     	29.9675505736664        	5.70028129530767         	30.9761421303298             	0.0102633171572795        	12.17                    	1.637152833893914 	-27.419879647385     	5.5                          	19.8                         	18.9
HARPN.2016-06-09T21-43-00.940_ccf_K5     	29.9852178543476        	5.74932856286336         	31.7251839499809             	0.00493229088949276       	12.1                     	1.55568693413711  	-29.4034449119535    	8.1                          	32.9                         	43.5
HARPN.2016-06-09T22-13-25.294_ccf_K5     	29.9768126960024        	5.74851626730341         	31.859494311602              	0.0054526619510974        	12.1                     	1.785884971006249 	-29.4448467398639    	7.3                          	30.1                         	39.8
HARPN.2016-06-10T21-24-57.027_ccf_K5     	29.9706171253391        	5.74770151620952         	31.6484603921634             	0.00568564936312334       	12.1                     	1.476173019855    	-29.4141417428551    	7.5                          	29.4                         	37.9
HARPN.2016-06-10T21-55-22.081_ccf_K5     	29.9831136844849        	5.78625036923072         	31.5854386406678             	0.00645835756778129       	12.1                     	1.6673185682820808	-29.4567315044048    	6.8                          	26.7                         	33.7
HARPN.2016-06-17T21-10-36.120_ccf_K5     	29.9421186660545        	5.7170394845451          	30.0258986420897             	0.0267856488609489        	12.17                    	1.4682241200437323	-29.4178404378906    	2.4                          	9.5                          	9.6
HARPN.2016-06-18T21-12-27.915_ccf_K5     	29.9699632662923        	5.76557824943887         	31.29889558258               	0.00584405529093863       	12.17                    	1.5862063619702007	-29.3919078516129    	9.2                          	29.                          	25.8
HARPN.2016-06-19T21-12-46.933_ccf_K5     	29.9781447992971        	5.73493386656249         	31.057925646146              	0.00774650320119791       	12.17                    	1.614939542962292 	-29.3563351062673    	7.2                          	23.8                         	21.7
HARPN.2016-06-20T21-12-00.435_ccf_K5     	29.9775391227644        	5.7634925400186          	31.3098489107469             	0.00540206579429326       	12.17                    	1.6372226569115949	-29.3125469228658    	9.6                          	30.9                         	30.
HARPN.2016-06-24T21-12-23.320_ccf_K5     	29.9653262968253        	5.68414260921269         	31.352921422068              	0.0181936776275237        	12.17                    	1.6913323650887158	-29.05998368874      	3.1                          	13.1                         	11.9
HARPN.2016-06-25T21-12-51.704_ccf_K5     	29.978336679764         	5.76472990688606         	31.738179547847              	0.0050755320452517        	12.17                    	1.8071343476045425	-28.979273701379     	10.                          	32.5                         	28.9
