HARPN.2015-01-22T03-16-12.014_ccf_K5 678289.0 823.583 766.997 27.6947
HARPN.2015-01-22T03-46-37.071_ccf_K5 828413.0 910.172 548.213 23.4139
HARPN.2015-01-23T03-05-16.499_ccf_K5 557785.0 746.85 683.34 26.1408
HARPN.2015-01-23T03-35-41.956_ccf_K5 586836.0 766.052 541.166 23.263
HARPN.2015-01-24T03-09-37.418_ccf_K5 547968.0 740.248 998.424 31.5978
HARPN.2015-01-24T03-40-02.483_ccf_K5 879116.0 937.612 871.154 29.5153
HARPN.2015-01-25T05-28-07.766_ccf_K5 377362.0 614.298 1308.51 36.1734
HARPN.2015-01-25T05-58-32.806_ccf_K5 442393.0 665.126 1324.22 36.3899
HARPN.2015-01-26T02-51-15.712_ccf_K5 303440.0 550.854 1178.02 34.3223
HARPN.2015-01-26T03-21-41.168_ccf_K5 292866.0 541.171 1090.28 33.0194
HARPN.2015-01-28T02-29-28.993_V1.9_ccf_K5 481208.0 693.692 1791.46 42.3257
HARPN.2015-01-29T04-05-06.608_ccf_K5 729539.0 854.131 1114.73 33.3876
HARPN.2015-01-29T04-35-31.263_ccf_K5 488947.0 699.247 1487.99 38.5745
HARPN.2015-01-30T05-15-57.549_ccf_K5 77028.7 277.54 1680.94 40.9993
HARPN.2015-01-30T05-46-22.676_ccf_K5 60389.2 245.742 1250.27 35.3592
HARPN.2015-01-31T03-20-22.536_ccf_K5 318104.0 564.007 3449.08 58.7289
HARPN.2015-01-31T03-50-47.993_ccf_K5 408660.0 639.265 3239.86 56.9198
HARPN.2015-02-01T04-19-07.013_ccf_K5 1.01401e+06 1006.98 4012.93 63.3477
HARPN.2015-02-01T04-49-32.470_ccf_K5 1.16306e+06 1078.45 3242.33 56.9415
HARPN.2015-02-15T03-40-21.202_V1.9_ccf_K5 197059.0 443.913 1079.44 32.8548
HARPN.2015-02-15T04-10-46.660_V1.9_ccf_K5 191934.0 438.103 887.481 29.7906
HARPN.2015-02-16T03-20-45.434_V1.9_ccf_K5 449700.0 670.596 1185.13 34.4258
HARPN.2015-02-16T03-51-10.146_V1.9_ccf_K5 158627.0 398.281 1168.89 34.189
HARPN.2015-02-17T01-43-34.498_V1.9_ccf_K5 258915.0 508.837 1409.72 37.5462
HARPN.2015-02-17T02-13-59.552_V1.9_ccf_K5 446567.0 668.257 1228.58 35.0511
HARPN.2015-02-17T02-44-25.413_V1.9_ccf_K5 517840.0 719.611 1382.29 37.1792
HARPN.2015-02-21T04-39-52.203_V1.9_ccf_K5 317726.0 563.672 1393.36 37.3278
HARPN.2015-02-21T05-10-16.855_V1.9_ccf_K5 246966.0 496.957 1494.27 38.6557
HARPN.2015-03-13T23-07-55.945_V1.9_ccf_K5 931656.0 965.223 1632.88 40.4089
HARPN.2015-03-13T23-38-21.071_V1.9_ccf_K5 877932.0 936.98 1816.9 42.6251
HARPN.2015-03-15T23-29-23.826_V1.9_ccf_K5 249800.0 499.8 1641.76 40.5187
HARPN.2015-03-15T23-59-49.279_V1.9_ccf_K5 359610.0 599.675 1694.18 41.1604
HARPN.2015-03-17T23-44-26.278_V1.9_ccf_K5 633640.0 796.015 1915.82 43.7701
HARPN.2015-03-18T00-17-08.858_V1.9_ccf_K5 593510.0 770.396 1815.5 42.6086
HARPN.2015-03-25T22-27-20.960_ccf_K5 828031.0 909.962 2410.29 49.0947
HARPN.2015-03-26T02-53-24.660_ccf_K5 583363.0 763.782 1989.91 44.6084
HARPN.2015-03-26T22-44-38.930_V1.9_ccf_K5 422909.0 650.314 2403.23 49.0227
HARPN.2015-03-26T23-15-05.188_V1.9_ccf_K5 753391.0 867.981 2186.02 46.7549
HARPN.2015-03-28T01-05-23.222_V1.9_ccf_K5 333157.0 577.197 2814.37 53.0507
HARPN.2015-03-28T01-35-51.009_V1.9_ccf_K5 338982.0 582.222 2406.09 49.0519
HARPN.2015-03-31T00-37-42.577_V1.9_ccf_K5 163766.0 404.681 12590.3 112.206
HARPN.2015-03-31T01-08-07.614_V1.9_ccf_K5 253908.0 503.892 12980.1 113.93
HARPN.2015-04-04T23-28-13.233_V1.9_ccf_K5 1.31276e+06 1145.76 15606.3 124.925
HARPN.2015-04-04T23-58-38.691_V1.9_ccf_K5 1.46364e+06 1209.81 15858.5 125.931
HARPN.2015-04-06T00-09-46.725_V1.9_ccf_K5 949276.0 974.308 10246.7 101.226
HARPN.2015-04-06T00-40-12.584_V1.9_ccf_K5 980360.0 990.131 10536.4 102.647
HARPN.2015-04-06T01-45-02.694_ccf_K5 165850.0 407.247 3829.91 61.8863
HARPN.2015-04-09T00-27-59.582_V1.9_ccf_K5 1.45467e+06 1206.1 3146.2 56.091
HARPN.2015-04-09T00-58-25.026_V1.9_ccf_K5 1.48788e+06 1219.79 3566.93 59.7238
HARPN.2015-04-10T00-28-12.948_V1.9_ccf_K5 1.45806e+06 1207.5 1876.73 43.3212
HARPN.2015-04-10T00-58-37.601_V1.9_ccf_K5 1.3366e+06 1156.12 2512.56 50.1255
HARPN.2015-04-11T01-06-29.394_V1.9_ccf_K5 730878.0 854.914 1908.18 43.6827
HARPN.2015-04-11T01-36-53.308_V1.9_ccf_K5 522817.0 723.061 2878.73 53.6538
HARPN.2015-04-11T20-26-49.093_V1.9_ccf_K5 695866.0 834.186 2840.66 53.2979
HARPN.2015-04-13T02-01-16.838_V1.9_ccf_K5 1.17863e+06 1085.65 1224.15 34.9878
HARPN.2015-04-13T02-31-42.302_V1.9_ccf_K5 327196.0 572.01 1683.75 41.0335
HARPN.2015-04-25T01-10-07.216_V1.9_ccf_K5 931742.0 965.268 1692.77 41.1433
HARPN.2015-04-25T01-40-32.775_V1.9_ccf_K5 662300.0 813.818 1900.47 43.5944
HARPN.2015-04-26T22-04-14.593_V1.9_ccf_K5 977835.0 988.855 3026.66 55.015
HARPN.2015-04-26T22-34-39.648_V1.9_ccf_K5 1.15589e+06 1075.12 2976.1 54.5537
HARPN.2015-04-28T00-29-50.724_V1.9_ccf_K5 403543.0 635.25 9282.84 96.3475
HARPN.2015-04-28T01-00-16.979_V1.9_ccf_K5 489291.0 699.494 8386.55 91.5781
HARPN.2015-05-02T22-41-48.092_V1.9_ccf_K5 527378.0 726.208 35973.3 189.666
HARPN.2015-05-02T23-12-13.216_V1.9_ccf_K5 273296.0 522.777 48156.2 219.445
HARPN.2015-05-04T00-45-21.716_V1.9_ccf_K5 476518.0 690.303 26397.9 162.474
HARPN.2015-05-04T01-15-46.770_V1.9_ccf_K5 524093.0 723.943 23061.8 151.861
HARPN.2015-05-04T21-49-06.854_V1.9_ccf_K5 1.11012e+06 1053.62 7460.82 86.376
HARPN.2015-05-04T22-19-32.353_V1.9_ccf_K5 760033.0 871.799 8425.82 91.7923
HARPN.2015-05-05T23-13-06.625_V1.9_ccf_K5 716387.0 846.396 6324.13 79.5244
HARPN.2015-05-05T23-43-30.977_V1.9_ccf_K5 753334.0 867.948 6129.65 78.2921
HARPN.2015-05-10T22-45-17.581_V1.9_ccf_K5 809159.0 899.533 2130.75 46.16
HARPN.2015-05-10T23-15-43.098_V1.9_ccf_K5 650614.0 806.607 2216.7 47.0819
HARPN.2015-05-11T23-09-18.239_V1.9_ccf_K5 116542.0 341.382 1908.04 43.6812
HARPN.2015-05-13T22-42-27.593_V1.9_ccf_K5 202128.0 449.587 2253.69 47.4731
HARPN.2015-05-13T23-12-53.106_V1.9_ccf_K5 169072.0 411.184 2139.26 46.2522
HARPN.2015-05-16T22-24-45.392_V1.9_ccf_K5 1.02333e+06 1011.6 1577.56 39.7185
HARPN.2015-05-16T22-55-10.858_V1.9_ccf_K5 999655.0 999.828 1712.49 41.3822
HARPN.2015-05-17T22-49-08.124_ccf_K5 1.1464e+06 1070.7 1357.49 36.8442
HARPN.2015-05-17T23-19-34.383_ccf_K5 1.22776e+06 1108.04 1292.93 35.9574
HARPN.2015-05-18T22-17-57.055_ccf_K5 1.0201e+06 1010.0 1747.18 41.7993
HARPN.2015-05-18T22-48-21.984_ccf_K5 601136.0 775.329 1784.16 42.2393
HARPN.2015-05-29T21-58-19.577_V1.9_ccf_K5 980223.0 990.062 6519.02 80.7404
HARPN.2015-05-29T22-28-45.041_V1.9_ccf_K5 159624.0 399.529 2617.0 51.1566
HARPN.2015-05-30T21-26-22.181_V1.9_ccf_K5 549649.0 741.383 7276.48 85.3023
HARPN.2015-05-30T21-56-48.039_V1.9_ccf_K5 402376.0 634.331 7801.01 88.3233
HARPN.2015-06-01T21-13-53.684_V1.9_ccf_K5 1.3123e+06 1145.56 7681.28 87.6429
HARPN.2015-06-01T21-44-19.140_V1.9_ccf_K5 1.37619e+06 1173.11 8359.68 91.4313
HARPN.2015-06-02T21-21-57.928_V1.9_ccf_K5 1.00789e+06 1003.94 8598.47 92.728
HARPN.2015-06-02T21-52-22.970_V1.9_ccf_K5 903913.0 950.744 9455.25 97.2381
HARPN.2015-06-03T21-42-36.515_V1.9_ccf_K5 1.17038e+06 1081.84 5099.19 71.4086
HARPN.2015-06-03T22-13-01.237_V1.9_ccf_K5 1.28853e+06 1135.14 6370.59 79.816
HARPN.2015-06-04T21-17-14.547_V1.9_ccf_K5 549070.0 740.992 1802.35 42.4541
HARPN.2015-06-04T21-47-39.604_V1.9_ccf_K5 564918.0 751.61 2441.47 49.4112
HARPN.2015-06-06T21-09-56.716_ccf_K5 514369.0 717.195 1730.96 41.6048
HARPN.2015-06-06T21-41-49.439_ccf_K5 439238.0 662.75 1316.97 36.2901
HARPN.2015-06-07T21-28-27.306_ccf_K5 1.41328e+06 1188.82 688.297 26.2354
HARPN.2015-06-07T21-58-51.659_ccf_K5 1.46547e+06 1210.57 760.519 27.5775
HARPN.2015-06-08T21-14-54.785_ccf_K5 855634.0 925.005 1464.68 38.2712
HARPN.2015-06-08T21-45-19.525_ccf_K5 709991.0 842.61 1386.97 37.2421
HARPN.2015-06-11T21-14-25.417_ccf_K5 1.21366e+06 1101.66 1521.43 39.0055
HARPN.2015-06-11T21-44-50.475_ccf_K5 1.10399e+06 1050.71 1157.69 34.0248
HARPN.2015-06-12T21-11-37.529_ccf_K5 696574.0 834.61 2265.87 47.6011
HARPN.2015-06-14T21-15-45.969_ccf_K5 1.46573e+06 1210.67 1475.72 38.4151
HARPN.2015-06-15T21-17-04.419_ccf_K5 533143.0 730.166 1723.01 41.5091
HARPN.2015-06-15T21-47-29.071_ccf_K5 373076.0 610.8 2040.41 45.1709
HARPN.2015-06-16T21-10-57.008_ccf_K5 452856.0 672.946 2867.39 53.5481
HARPN.2015-06-16T21-41-21.747_ccf_K5 382187.0 618.212 1734.7 41.6498
HARPN.2015-06-17T21-12-55.057_ccf_K5 1.53023e+06 1237.02 2097.9 45.8028
HARPN.2015-06-17T21-43-20.110_ccf_K5 1.61666e+06 1271.48 760.548 27.578
HARPN.2015-06-18T21-13-30.778_ccf_K5 1.23927e+06 1113.23 2001.92 44.7428
HARPN.2015-06-18T21-43-55.430_ccf_K5 1.34632e+06 1160.31 666.047 25.8079
HARPN.2015-06-19T21-18-29.190_ccf_K5 1.44358e+06 1201.49 1811.28 42.5591
HARPN.2015-06-19T21-48-53.845_ccf_K5 1.36363e+06 1167.75 1316.34 36.2814
HARPN.2015-06-29T21-08-01.425_V1.9_ccf_K5 583645.0 763.967 12815.9 113.207
HARPN.2015-06-30T21-11-22.183_V1.9_ccf_K5 418017.0 646.542 12818.9 113.22
HARPN.2015-12-23T04-58-08.851_ccf_K5 1.30654e+06 1143.04 3191.55 56.4938
HARPN.2015-12-23T05-28-34.716_ccf_K5 1.18233e+06 1087.35 1481.74 38.4934
HARPN.2015-12-24T05-19-47.063_ccf_K5 1.00634e+06 1003.17 5044.79 71.0267
HARPN.2015-12-24T05-50-12.503_ccf_K5 954987.0 977.234 4157.37 64.4776
HARPN.2015-12-25T05-57-58.220_ccf_K5 443687.0 666.099 7413.99 86.1045
HARPN.2015-12-25T06-28-22.652_ccf_K5 341270.0 584.183 6599.37 81.2365
HARPN.2015-12-28T05-05-33.805_ccf_K5 876543.0 936.239 6291.97 79.322
HARPN.2015-12-28T05-35-59.263_ccf_K5 793242.0 890.641 6331.46 79.5705
HARPN.2015-12-29T05-03-25.668_ccf_K5 743951.0 862.526 5528.95 74.3569
HARPN.2015-12-29T05-33-50.720_ccf_K5 831310.0 911.762 5150.13 71.7644
HARPN.2016-01-03T04-43-57.085_V1.9_ccf_K5 691169.0 831.366 2372.18 48.7051
HARPN.2016-01-03T05-14-22.943_V1.9_ccf_K5 859589.0 927.14 2236.65 47.2932
HARPN.2016-01-04T04-22-09.289_V1.9_ccf_K5 613480.0 783.249 2756.9 52.5062
HARPN.2016-01-04T05-59-43.542_V1.9_ccf_K5 802617.0 895.889 2210.67 47.0177
HARPN.2016-01-20T02-59-06.870_ccf_K5 876242.0 936.078 3603.0 60.025
HARPN.2016-01-20T03-29-32.338_ccf_K5 963386.0 981.522 3150.7 56.1311
HARPN.2016-01-21T02-20-48.214_ccf_K5 779512.0 882.9 5085.25 71.311
HARPN.2016-01-21T02-51-14.476_ccf_K5 599091.0 774.01 4528.69 67.2956
HARPN.2016-01-25T04-43-11.867_ccf_K5 509019.0 713.456 10052.2 100.261
HARPN.2016-01-25T05-13-38.128_ccf_K5 561882.0 749.588 10037.7 100.188
HARPN.2016-01-26T04-33-07.838_ccf_K5 383046.0 618.907 8914.47 94.4165
HARPN.2016-01-26T05-03-32.503_ccf_K5 249904.0 499.904 9099.79 95.3928
HARPN.2016-02-03T04-15-13.935_ccf_K5 412611.0 642.348 2294.32 47.8991
HARPN.2016-02-03T04-45-39.393_ccf_K5 541189.0 735.656 2215.48 47.0689
HARPN.2016-02-04T04-48-59.651_ccf_K5 985557.0 992.752 1709.05 41.3406
HARPN.2016-02-04T05-19-25.499_ccf_K5 1.22947e+06 1108.82 1731.81 41.615
HARPN.2016-02-14T02-11-11.017_ccf_K5 815514.0 903.058 1897.69 43.5625
HARPN.2016-02-14T02-41-36.064_ccf_K5 728638.0 853.603 1996.06 44.6773
HARPN.2016-02-15T04-24-53.197_ccf_K5 736337.0 858.101 2255.96 47.4969
HARPN.2016-02-15T04-55-18.251_ccf_K5 543965.0 737.54 1713.18 41.3906
HARPN.2016-02-27T01-25-37.632_ccf_K5 573496.0 757.295 5108.23 71.4719
HARPN.2016-02-27T01-56-02.283_ccf_K5 492574.0 701.837 5218.41 72.2386
HARPN.2016-03-11T00-53-02.308_ccf_K5 924802.0 961.666 1573.81 39.6713
HARPN.2016-03-11T01-23-26.959_ccf_K5 932225.0 965.518 1442.03 37.974
HARPN.2016-03-13T03-28-08.551_ccf_K5 826675.0 909.217 1517.05 38.9494
HARPN.2016-03-13T03-58-34.826_ccf_K5 725409.0 851.709 1273.48 35.6858
HARPN.2016-03-14T02-28-07.777_ccf_K5 1.28526e+06 1133.69 1275.22 35.7102
HARPN.2016-03-14T02-58-32.826_ccf_K5 1.40603e+06 1185.76 1104.93 33.2405
HARPN.2016-03-15T03-18-29.661_ccf_K5 983484.0 991.708 1292.64 35.9534
HARPN.2016-03-15T03-48-54.731_ccf_K5 712936.0 844.355 1328.64 36.4505
HARPN.2016-03-16T04-23-32.291_ccf_K5 513681.0 716.715 1297.83 36.0254
HARPN.2016-03-25T00-48-55.727_ccf_K5 516425.0 718.627 9265.33 96.2566
HARPN.2016-03-25T01-19-20.808_ccf_K5 445467.0 667.433 9421.17 97.0627
HARPN.2016-03-28T00-21-18.277_ccf_K5 617547.0 785.842 2879.55 53.6615
HARPN.2016-03-28T00-51-44.075_ccf_K5 611548.0 782.015 3085.02 55.543
HARPN.2016-04-22T23-45-57.498_ccf_K5 915830.0 956.99 10905.8 104.431
HARPN.2016-04-23T00-16-22.543_ccf_K5 946711.0 972.991 11347.8 106.526
HARPN.2016-05-04T22-36-02.774_ccf_K5 889911.0 943.351 2135.58 46.2123
HARPN.2016-05-04T23-06-28.230_ccf_K5 807002.0 898.333 2204.16 46.9485
HARPN.2016-05-12T22-02-35.582_ccf_K5 845866.0 919.71 2869.99 53.5723
HARPN.2016-05-12T22-33-00.232_ccf_K5 922656.0 960.55 2785.36 52.7765
HARPN.2016-05-13T22-22-04.372_ccf_K5 664827.0 815.369 3587.27 59.8938
HARPN.2016-05-13T22-52-30.232_ccf_K5 629266.0 793.263 3970.16 63.0092
HARPN.2016-05-17T21-56-31.694_ccf_K5 569294.0 754.516 8565.18 92.5482
HARPN.2016-05-17T22-26-57.554_ccf_K5 568221.0 753.804 8953.22 94.6214
HARPN.2016-05-18T22-18-50.944_ccf_K5 387478.0 622.478 9256.69 96.2117
HARPN.2016-05-18T22-51-39.636_ccf_K5 453095.0 673.123 9907.07 99.5343
HARPN.2016-05-19T22-44-21.256_ccf_K5 720840.0 849.023 9804.55 99.0179
HARPN.2016-05-19T23-16-26.596_ccf_K5 698096.0 835.522 10614.7 103.028
HARPN.2016-05-20T22-19-14.046_ccf_K5 1.07706e+06 1037.82 11192.3 105.794
HARPN.2016-05-20T22-51-13.976_ccf_K5 998202.0 999.101 12569.7 112.114
HARPN.2016-05-22T21-26-20.267_ccf_K5 599997.0 774.595 5660.04 75.2332
HARPN.2016-05-22T23-06-01.697_ccf_K5 314359.0 560.677 9470.85 97.3183
HARPN.2016-06-09T21-43-00.940_ccf_K5 758980.0 871.195 2369.1 48.6734
HARPN.2016-06-09T22-13-25.294_ccf_K5 661591.0 813.382 2314.27 48.1069
HARPN.2016-06-10T21-24-57.027_ccf_K5 633448.0 795.895 3060.66 55.3233
HARPN.2016-06-10T21-55-22.081_ccf_K5 541770.0 736.051 3125.66 55.9076
HARPN.2016-06-17T21-10-36.120_ccf_K5 110330.0 332.159 5492.12 74.1088
HARPN.2016-06-18T21-12-27.915_ccf_K5 622673.0 789.096 7345.18 85.704
HARPN.2016-06-19T21-12-46.933_ccf_K5 442274.0 665.037 9951.95 99.7594
HARPN.2016-06-20T21-12-00.435_ccf_K5 687870.0 829.379 9411.61 97.0135
HARPN.2016-06-24T21-12-23.320_ccf_K5 162679.0 403.334 2781.05 52.7357
HARPN.2016-06-25T21-12-51.704_ccf_K5 729147.0 853.901 2811.54 53.024
