# Wrap-up of analysis.
#	 filename 		 BJD 		 RV 		BIS		FWHM		
	HARPN.2015-01-22T03-16-12.014_ccf_K5_A.fits		2457044.6499908199		29.9794036513		0.0627616708228		5.72015508215
	HARPN.2015-01-22T03-46-37.071_ccf_K5_A.fits		2457044.6715087402		29.9795313428		0.0750257869907		5.73689760535
	HARPN.2015-01-23T03-05-16.499_ccf_K5_A.fits		2457045.6422799099		29.9665812926		0.0775958930507		5.73550843531
	HARPN.2015-01-23T03-35-41.956_ccf_K5_A.fits		2457045.6640756000		29.9796599909		0.0701740557129		5.73779009588
	HARPN.2015-01-24T03-09-37.418_ccf_K5_A.fits		2457046.6459113699		29.9683042558		0.068062502243		5.71190228197
	HARPN.2015-01-24T03-40-02.483_ccf_K5_A.fits		2457046.6671630102		29.9662039526		0.0587819560117		5.71543874845
	HARPN.2015-01-25T05-28-07.766_ccf_K5_A.fits		2457047.7416204498		29.9657588558		0.0895540939997		5.71849929528
	HARPN.2015-01-25T05-58-32.806_ccf_K5_A.fits		2457047.7639832599		29.9768037922		0.068195805098		5.7689243891
	HARPN.2015-01-26T02-51-15.712_ccf_K5_A.fits		2457048.6327989101		29.9642222445		0.0813901915876		5.73067790879
	HARPN.2015-01-26T03-21-41.168_ccf_K5_A.fits		2457048.6548839002		29.962214975		0.046817343067		5.66908708293
	HARPN.2015-01-28T02-29-28.993_V1.9_ccf_K5_A.fits		2457050.6187789300		29.968449403		0.0945276438341		5.75129073924
	HARPN.2015-01-29T04-05-06.608_ccf_K5_A.fits		2457051.6859043702		29.9822575498		0.0885336281965		5.73781671153
	HARPN.2015-01-29T04-35-31.263_ccf_K5_A.fits		2457051.7032088400		29.969365079		0.0710141846132		5.74803215101
	HARPN.2015-01-30T05-15-57.549_ccf_K5_A.fits		2457052.7343233698		30.0254100844		0.1513573771		5.8246862664
	HARPN.2015-01-30T05-46-22.676_ccf_K5_A.fits		2457052.7544983900		29.9885354748		0.109577677407		5.73026738621
	HARPN.2015-01-31T03-20-22.536_ccf_K5_A.fits		2457053.6561118900		29.9853689708		0.0768566862277		5.73636599368
	HARPN.2015-01-31T03-50-47.993_ccf_K5_A.fits		2457053.6739719198		29.9819403727		0.082382609743		5.79127745332
	HARPN.2015-02-01T04-19-07.013_ccf_K5_A.fits		2457054.6945623001		29.9755529379		0.0604281243218		5.7291069857
	HARPN.2015-02-01T04-49-32.470_ccf_K5_A.fits		2457054.7157211401		29.9799896235		0.0639558823683		5.72811753431
	HARPN.2015-02-15T03-40-21.202_V1.9_ccf_K5_A.fits		2457068.6675802302		29.9580248261		0.0858315690936		5.70837459559
	HARPN.2015-02-15T04-10-46.660_V1.9_ccf_K5_A.fits		2457068.6885881699		29.9714212209		0.0801337399455		5.6914661433
	HARPN.2015-02-16T03-20-45.434_V1.9_ccf_K5_A.fits		2457069.6550800698		29.9838450036		0.0632711976917		5.77350741883
	HARPN.2015-02-16T03-51-10.146_V1.9_ccf_K5_A.fits		2457069.6720137200		29.9914392336		0.0920726138836		5.70538047717
	HARPN.2015-02-17T01-43-34.498_V1.9_ccf_K5_A.fits		2457070.5882009799		29.9679123344		0.0623760799411		5.75675055377
	HARPN.2015-02-17T02-13-59.552_V1.9_ccf_K5_A.fits		2457070.6094056200		29.9765872179		0.0757064134796		5.74737549954
	HARPN.2015-02-17T02-44-25.413_V1.9_ccf_K5_A.fits		2457070.6296843002		29.9676720931		0.0817382594414		5.74406722525
	HARPN.2015-02-21T04-39-52.203_V1.9_ccf_K5_A.fits		2457074.7100606002		29.9874875691		0.0686015871018		5.73703481942
	HARPN.2015-02-21T05-10-16.855_V1.9_ccf_K5_A.fits		2457074.7306516599		29.9738149352		0.0670792384474		5.76566500765
	HARPN.2015-03-13T23-07-55.945_V1.9_ccf_K5_A.fits		2457095.4800228998		29.9888842993		0.0629093666553		5.76155717466
	HARPN.2015-03-13T23-38-21.071_V1.9_ccf_K5_A.fits		2457095.5008910098		29.9817205631		0.0635023726055		5.75585129653
	HARPN.2015-03-15T23-29-23.826_V1.9_ccf_K5_A.fits		2457097.4961708100		29.9819806827		0.0508329909949		5.75054255219
	HARPN.2015-03-15T23-59-49.279_V1.9_ccf_K5_A.fits		2457097.5174555201		29.9983493565		0.0744623234164		5.78150525551
	HARPN.2015-03-17T23-44-26.278_V1.9_ccf_K5_A.fits		2457099.5048811701		29.9777848872		0.0822604223448		5.78588887697
	HARPN.2015-03-18T00-17-08.858_V1.9_ccf_K5_A.fits		2457099.5276935799		29.9762392871		0.0689727639171		5.76300228487
	HARPN.2015-03-25T22-27-20.960_ccf_K5_A.fits		2457107.4519233801		29.9746188198		0.0754065626051		5.76641588731
	HARPN.2015-03-26T02-53-24.660_ccf_K5_A.fits		2457107.6360404501		29.9695561059		0.0676870065025		5.77212265048
	HARPN.2015-03-26T22-44-38.930_V1.9_ccf_K5_A.fits		2457108.4656082098		29.9944829963		0.0978388854629		5.78151271664
	HARPN.2015-03-26T23-15-05.188_V1.9_ccf_K5_A.fits		2457108.4850291298		29.9761341765		0.0682027336274		5.76674166894
	HARPN.2015-03-28T01-05-23.222_V1.9_ccf_K5_A.fits		2457109.5612919000		29.9705186571		0.0484223168465		5.75349460567
	HARPN.2015-03-28T01-35-51.009_V1.9_ccf_K5_A.fits		2457109.5832937500		29.9680354112		0.0862424038967		5.78435368032
	HARPN.2015-03-31T00-37-42.577_V1.9_ccf_K5_A.fits		2457112.5421817400		29.9798828028		0.0465517253501		5.73382010738
	HARPN.2015-03-31T01-08-07.614_V1.9_ccf_K5_A.fits		2457112.5633501601		29.9889750791		0.0510638753202		5.66267963172
	HARPN.2015-04-04T23-28-13.233_V1.9_ccf_K5_A.fits		2457117.4935136801		29.9800757464		0.0848061199022		5.76167515115
	HARPN.2015-04-04T23-58-38.691_V1.9_ccf_K5_A.fits		2457117.5149828498		29.9763314599		0.0847331550408		5.74298622759
	HARPN.2015-04-06T00-09-46.725_V1.9_ccf_K5_A.fits		2457118.5225633401		29.9730211424		0.0694340453182		5.77074725906
	HARPN.2015-04-06T00-40-12.584_V1.9_ccf_K5_A.fits		2457118.5436505498		29.9727836399		0.0761482060877		5.73868541204
	HARPN.2015-04-06T01-45-02.694_ccf_K5_A.fits		2457118.5889614201		29.9592624466		0.127424089023		5.81664616536
	HARPN.2015-04-09T00-27-59.582_V1.9_ccf_K5_A.fits		2457121.5352262501		29.9792221877		0.0639726345075		5.73436400836
	HARPN.2015-04-09T00-58-25.026_V1.9_ccf_K5_A.fits		2457121.5558967101		29.9839749134		0.0760442512612		5.75050920179
	HARPN.2015-04-10T00-28-12.948_V1.9_ccf_K5_A.fits		2457122.5350230001		29.9816513683		0.0769826894277		5.73284514694
	HARPN.2015-04-10T00-58-37.601_V1.9_ccf_K5_A.fits		2457122.5562026598		29.9821807825		0.0836862269149		5.73843941063
	HARPN.2015-04-11T01-06-29.394_V1.9_ccf_K5_A.fits		2457123.5616110298		29.9850498091		0.0831156300606		5.73696573324
	HARPN.2015-04-11T01-36-53.308_V1.9_ccf_K5_A.fits		2457123.5817953399		29.9736212972		0.0470070957421		5.74964195932
	HARPN.2015-04-11T20-26-49.093_V1.9_ccf_K5_A.fits		2457124.3668648200		29.9822550758		0.0820247559563		5.73729413857
	HARPN.2015-04-13T02-01-16.838_V1.9_ccf_K5_A.fits		2457125.5992622199		29.972596611		0.0875346916242		5.73029856327
	HARPN.2015-04-13T02-31-42.302_V1.9_ccf_K5_A.fits		2457125.6201292998		29.9584152276		0.0488287310837		5.74682863528
	HARPN.2015-04-25T01-10-07.216_V1.9_ccf_K5_A.fits		2457137.5633016401		29.9768009269		0.07000320926		5.76457070262
	HARPN.2015-04-25T01-40-32.775_V1.9_ccf_K5_A.fits		2457137.5837748898		29.9860428823		0.0719553621859		5.80014093389
	HARPN.2015-04-26T22-04-14.593_V1.9_ccf_K5_A.fits		2457139.4350792500		29.9878793532		0.0899678245785		5.78376611812
	HARPN.2015-04-26T22-34-39.648_V1.9_ccf_K5_A.fits		2457139.4554135599		29.9800795677		0.0659699145373		5.77989299012
	HARPN.2015-04-28T00-29-50.724_V1.9_ccf_K5_A.fits		2457140.5359669700		29.9816718351		0.0785526379813		5.82261307224
	HARPN.2015-04-28T01-00-16.979_V1.9_ccf_K5_A.fits		2457140.5556184398		29.9834059173		0.0807816522048		5.79475472902
	HARPN.2015-05-02T22-41-48.092_V1.9_ccf_K5_A.fits		2457145.4584706300		29.978991539		0.0790434232126		5.78272178399
	HARPN.2015-05-02T23-12-13.216_V1.9_ccf_K5_A.fits		2457145.4813393401		29.97922247		0.0830090918895		5.70295829424
	HARPN.2015-05-04T00-45-21.716_V1.9_ccf_K5_A.fits		2457146.5461688000		29.981514235		0.0954887062149		5.79074486279
	HARPN.2015-05-04T01-15-46.770_V1.9_ccf_K5_A.fits		2457146.5668617100		29.9709380892		0.081906077924		5.80522327887
	HARPN.2015-05-04T21-49-06.854_V1.9_ccf_K5_A.fits		2457147.4224810400		29.9762816641		0.0813399109152		5.76711999311
	HARPN.2015-05-04T22-19-32.353_V1.9_ccf_K5_A.fits		2457147.4439261900		29.9780857866		0.0689388809417		5.78491879236
	HARPN.2015-05-05T23-13-06.625_V1.9_ccf_K5_A.fits		2457148.4811744802		29.9707281351		0.0869062462023		5.75687161034
	HARPN.2015-05-05T23-43-30.977_V1.9_ccf_K5_A.fits		2457148.5030362401		29.9657602832		0.0655006239487		5.76007175085
	HARPN.2015-05-10T22-45-17.581_V1.9_ccf_K5_A.fits		2457153.4615018298		29.9751022025		0.0745108100243		5.75202287606
	HARPN.2015-05-10T23-15-43.098_V1.9_ccf_K5_A.fits		2457153.4826112301		29.9787796618		0.0991583992254		5.72592273729
	HARPN.2015-05-11T23-09-18.239_V1.9_ccf_K5_A.fits		2457154.4759332901		29.9739848411		0.0969354929879		5.80339405919
	HARPN.2015-05-13T22-42-27.593_V1.9_ccf_K5_A.fits		2457156.4596583098		29.9578178786		0.0415819099969		5.77606491613
	HARPN.2015-05-13T23-12-53.106_V1.9_ccf_K5_A.fits		2457156.4812190100		29.9944393632		0.0399597554951		5.71822546173
	HARPN.2015-05-16T22-24-45.392_V1.9_ccf_K5_A.fits		2457159.4469398800		29.9756579383		0.0687700119193		5.73220901036
	HARPN.2015-05-16T22-55-10.858_V1.9_ccf_K5_A.fits		2457159.4680954702		29.9840759783		0.0728551006726		5.72436618306
	HARPN.2015-05-17T22-49-08.124_ccf_K5_A.fits		2457160.4641205599		29.9818947419		0.0829238286526		5.74035532107
	HARPN.2015-05-17T23-19-34.383_ccf_K5_A.fits		2457160.4847321999		29.9693166703		0.0604567520266		5.71467185494
	HARPN.2015-05-18T22-17-57.055_ccf_K5_A.fits		2457161.4411650700		29.9744000378		0.066854346365		5.72514047825
	HARPN.2015-05-18T22-48-21.984_ccf_K5_A.fits		2457161.4629224301		29.9792716613		0.0841150190815		5.71285189804
	HARPN.2015-05-29T21-58-19.577_V1.9_ccf_K5_A.fits		2457172.4274689401		29.9836190408		0.0570560989136		5.7275218109
	HARPN.2015-05-29T22-28-45.041_V1.9_ccf_K5_A.fits		2457172.4466453800		29.961149773		0.0459937261662		5.72906333641
	HARPN.2015-05-30T21-26-22.181_V1.9_ccf_K5_A.fits		2457173.4045992098		29.9803952297		0.0532900484257		5.74966144158
	HARPN.2015-05-30T21-56-48.039_V1.9_ccf_K5_A.fits		2457173.4265763001		29.9725119444		0.039500302028		5.72596258812
	HARPN.2015-06-01T21-13-53.684_V1.9_ccf_K5_A.fits		2457175.3965170500		29.982034571		0.0660979010749		5.73685622531
	HARPN.2015-06-01T21-44-19.140_V1.9_ccf_K5_A.fits		2457175.4171748101		29.9859385638		0.0835702737922		5.73847016387
	HARPN.2015-06-02T21-21-57.928_V1.9_ccf_K5_A.fits		2457176.4025670500		29.9825928127		0.0758572446961		5.75848894792
	HARPN.2015-06-02T21-52-22.970_V1.9_ccf_K5_A.fits		2457176.4224262601		29.9845929025		0.0743783218661		5.73588430022
	HARPN.2015-06-03T21-42-36.515_V1.9_ccf_K5_A.fits		2457177.4163474501		29.9715564007		0.0753816579294		5.75301220706
	HARPN.2015-06-03T22-13-01.237_V1.9_ccf_K5_A.fits		2457177.4372019302		29.9783802053		0.0620247545651		5.74621288366
	HARPN.2015-06-04T21-17-14.547_V1.9_ccf_K5_A.fits		2457178.3989268299		29.9723646903		0.0642939700396		5.72627825831
	HARPN.2015-06-04T21-47-39.604_V1.9_ccf_K5_A.fits		2457178.4193762499		29.9795183347		0.0861117627747		5.74992959736
	HARPN.2015-06-06T21-09-56.716_ccf_K5_A.fits		2457180.3923343602		29.983606565		0.0724883312159		5.71265084952
	HARPN.2015-06-06T21-41-49.439_ccf_K5_A.fits		2457180.4137559002		29.9666455696		0.0803632376867		5.73827541106
	HARPN.2015-06-07T21-28-27.306_ccf_K5_A.fits		2457181.4059516401		29.9789335341		0.0877937317728		5.74168520579
	HARPN.2015-06-07T21-58-51.659_ccf_K5_A.fits		2457181.4272111501		29.9751775227		0.0759453116555		5.72566296351
	HARPN.2015-06-08T21-14-54.785_ccf_K5_A.fits		2457182.3963996498		29.9692673709		0.07975360552		5.71549457767
	HARPN.2015-06-08T21-45-19.525_ccf_K5_A.fits		2457182.4188627498		29.9744697292		0.0762436122374		5.75477084351
	HARPN.2015-06-11T21-14-25.417_ccf_K5_A.fits		2457185.3954830901		29.9743825391		0.0664543800308		5.73661731753
	HARPN.2015-06-11T21-44-50.475_ccf_K5_A.fits		2457185.4170550602		29.9728158449		0.075241019758		5.75513043583
	HARPN.2015-06-12T21-11-37.529_ccf_K5_A.fits		2457186.3926197099		29.9725283129		0.0837687725324		5.73601661842
	HARPN.2015-06-14T21-15-45.969_ccf_K5_A.fits		2457188.3964404599		29.972454447		0.0793076748746		5.74317253202
	HARPN.2015-06-15T21-17-04.419_ccf_K5_A.fits		2457189.3970604199		29.9722447543		0.0646483372601		5.76263325673
	HARPN.2015-06-15T21-47-29.071_ccf_K5_A.fits		2457189.4176486898		29.9825422967		0.0825981117754		5.7700920658
	HARPN.2015-06-16T21-10-57.008_ccf_K5_A.fits		2457190.3932711100		29.9813027287		0.0948104138551		5.7800035358
	HARPN.2015-06-16T21-41-21.747_ccf_K5_A.fits		2457190.4125400600		29.9723198808		0.0743242096931		5.7091451029
	HARPN.2015-06-17T21-12-55.057_ccf_K5_A.fits		2457191.3939490002		29.9790196837		0.0751727983867		5.74590456696
	HARPN.2015-06-17T21-43-20.110_ccf_K5_A.fits		2457191.4152779402		29.9762434057		0.0613778682748		5.74787449013
	HARPN.2015-06-18T21-13-30.778_ccf_K5_A.fits		2457192.3947774200		29.9812861096		0.0914642915889		5.74826892749
	HARPN.2015-06-18T21-43-55.430_ccf_K5_A.fits		2457192.4156087302		29.9792508195		0.0716073502815		5.72996609797
	HARPN.2015-06-19T21-18-29.190_ccf_K5_A.fits		2457193.3977237898		29.9857169422		0.0776431552151		5.74391350425
	HARPN.2015-06-19T21-48-53.845_ccf_K5_A.fits		2457193.4184972402		29.9779428978		0.0727430009996		5.75839606519
	HARPN.2015-06-29T21-08-01.425_V1.9_ccf_K5_A.fits		2457203.3893792401		29.975422059		0.0950808371681		5.76075419695
	HARPN.2015-06-30T21-11-22.183_V1.9_ccf_K5_A.fits		2457204.3923286302		29.9782836144		0.0981601510969		5.77465571659
	HARPN.2015-12-23T04-58-08.851_ccf_K5_A.fits		2457379.7179546501		29.9756553584		0.083893158802		5.72825622361
	HARPN.2015-12-23T05-28-34.716_ccf_K5_A.fits		2457379.7392183398		29.972610005		0.0686927506352		5.72650249859
	HARPN.2015-12-24T05-19-47.063_ccf_K5_A.fits		2457380.7331137001		29.9706031958		0.0768436381018		5.74464781491
	HARPN.2015-12-24T05-50-12.503_ccf_K5_A.fits		2457380.7546204701		29.9775193434		0.0867727544322		5.73082898272
	HARPN.2015-12-25T05-57-58.220_ccf_K5_A.fits		2457381.7604843401		29.9838095254		0.0776610966673		5.79210789558
	HARPN.2015-12-25T06-28-22.652_ccf_K5_A.fits		2457381.7813891899		29.9767224745		0.0861193435305		5.75906689894
	HARPN.2015-12-28T05-05-33.805_ccf_K5_A.fits		2457384.7240294400		29.9745303742		0.0611110439745		5.74766232938
	HARPN.2015-12-28T05-35-59.263_ccf_K5_A.fits		2457384.7441240102		29.9816977172		0.0713905603799		5.76727657284
	HARPN.2015-12-29T05-03-25.668_ccf_K5_A.fits		2457385.7235256401		29.9715665785		0.0860415452484		5.77936093977
	HARPN.2015-12-29T05-33-50.720_ccf_K5_A.fits		2457385.7426826102		29.9716336929		0.0617219624475		5.74842495711
	HARPN.2016-01-03T04-43-57.085_V1.9_ccf_K5_A.fits		2457390.7084293799		29.9732369292		0.0721822528672		5.77066096932
	HARPN.2016-01-03T05-14-22.943_V1.9_ccf_K5_A.fits		2457390.7302949000		29.975282819		0.069423059561		5.74987753999
	HARPN.2016-01-04T04-22-09.289_V1.9_ccf_K5_A.fits		2457391.6920068800		29.9817042813		0.0755262257606		5.77240586531
	HARPN.2016-01-04T05-59-43.542_V1.9_ccf_K5_A.fits		2457391.7621640000		29.9800250533		0.0959683979277		5.77232912494
	HARPN.2016-01-20T02-59-06.870_ccf_K5_A.fits		2457407.6382535398		29.9656008906		0.0610396681027		5.73993042454
	HARPN.2016-01-20T03-29-32.338_ccf_K5_A.fits		2457407.6586024300		29.967069122		0.0633319632472		5.73305486035
	HARPN.2016-01-21T02-20-48.214_ccf_K5_A.fits		2457408.6115619699		29.9644190215		0.0811743349619		5.76962346738
	HARPN.2016-01-21T02-51-14.476_ccf_K5_A.fits		2457408.6323043900		29.954768886		0.0523545345441		5.76916152119
	HARPN.2016-01-25T04-43-11.867_ccf_K5_A.fits		2457412.7114101402		29.9500743845		0.0232305791577		5.78130976378
	HARPN.2016-01-25T05-13-38.128_ccf_K5_A.fits		2457412.7325460198		29.9362268925		0.0517529036432		5.79567248981
	HARPN.2016-01-26T04-33-07.838_ccf_K5_A.fits		2457413.7037655199		29.9489481509		0.0612815501654		5.77466279377
	HARPN.2016-01-26T05-03-32.503_ccf_K5_A.fits		2457413.7249360899		29.9495581173		0.0334487133103		5.82212275267
	HARPN.2016-02-03T04-15-13.935_ccf_K5_A.fits		2457421.6918857200		29.9692910474		0.0633298349639		5.74775418602
	HARPN.2016-02-03T04-45-39.393_ccf_K5_A.fits		2457421.7126741102		29.9816207906		0.0806635898107		5.73575651326
	HARPN.2016-02-04T04-48-59.651_ccf_K5_A.fits		2457422.7169056199		29.9756393917		0.0633810552218		5.77353632694
	HARPN.2016-02-04T05-19-25.499_ccf_K5_A.fits		2457422.7364091799		29.9850895187		0.0827519371754		5.77518799948
	HARPN.2016-02-14T02-11-11.017_ccf_K5_A.fits		2457432.6065532099		29.9842167364		0.0885448149625		5.75602689396
	HARPN.2016-02-14T02-41-36.064_ccf_K5_A.fits		2457432.6274223002		29.9784038765		0.0894194692438		5.77643847066
	HARPN.2016-02-15T04-24-53.197_ccf_K5_A.fits		2457433.6996272001		29.97782787		0.0835018059488		5.78108356726
	HARPN.2016-02-15T04-55-18.251_ccf_K5_A.fits		2457433.7201258698		29.9725462934		0.0745467045836		5.77075314115
	HARPN.2016-02-27T01-25-37.632_ccf_K5_A.fits		2457445.5755223301		29.9737925469		0.0736572482552		5.75015634863
	HARPN.2016-02-27T01-56-02.283_ccf_K5_A.fits		2457445.5963099701		29.9927809827		0.0901571788232		5.76886567352
	HARPN.2016-03-11T00-53-02.308_ccf_K5_A.fits		2457458.5534599000		29.9777645058		0.0719068104786		5.73555076121
	HARPN.2016-03-11T01-23-26.959_ccf_K5_A.fits		2457458.5739229899		29.9773251079		0.0827905738982		5.75376281944
	HARPN.2016-03-13T03-28-08.551_ccf_K5_A.fits		2457460.6608424298		29.9812302762		0.0874484697072		5.77116263664
	HARPN.2016-03-13T03-58-34.826_ccf_K5_A.fits		2457460.6815022100		29.9778538326		0.0720074226512		5.76451152937
	HARPN.2016-03-14T02-28-07.777_ccf_K5_A.fits		2457461.6189230699		29.9755749969		0.0547829074921		5.77042386959
	HARPN.2016-03-14T02-58-32.826_ccf_K5_A.fits		2457461.6406592000		29.9765211133		0.0716770519059		5.7613228356
	HARPN.2016-03-15T03-18-29.661_ccf_K5_A.fits		2457462.6537266099		29.979206925		0.0766186262881		5.7695908249
	HARPN.2016-03-15T03-48-54.731_ccf_K5_A.fits		2457462.6749534500		29.97592419		0.0904193474773		5.79190460484
	HARPN.2016-03-16T04-23-32.291_ccf_K5_A.fits		2457463.6986208898		29.9755318726		0.0879392511696		5.79018223446
	HARPN.2016-03-25T00-48-55.727_ccf_K5_A.fits		2457472.5492852102		29.9777552084		0.0887683131148		5.75113768575
	HARPN.2016-03-25T01-19-20.808_ccf_K5_A.fits		2457472.5710209399		29.9867963712		0.0963071906437		5.77246790514
	HARPN.2016-03-28T00-21-18.277_ccf_K5_A.fits		2457475.5318300002		29.9861503546		0.0697499441225		5.77108707448
	HARPN.2016-03-28T00-51-44.075_ccf_K5_A.fits		2457475.5501744999		29.9848598382		0.0784400593303		5.77447152874
	HARPN.2016-04-22T23-45-57.498_ccf_K5_A.fits		2457501.5043776198		29.9875165463		0.0649030439098		5.74892856939
	HARPN.2016-04-23T00-16-22.543_ccf_K5_A.fits		2457501.5262165600		29.984477332		0.0706415419337		5.76419212215
	HARPN.2016-05-04T22-36-02.774_ccf_K5_A.fits		2457513.4555930598		29.9765122199		0.0712253939809		5.75478355101
	HARPN.2016-05-04T23-06-28.230_ccf_K5_A.fits		2457513.4768993198		29.978258885		0.0644459570892		5.7364631069
	HARPN.2016-05-12T22-02-35.582_ccf_K5_A.fits		2457521.4319261098		29.9786604717		0.0821438287548		5.76363329331
	HARPN.2016-05-12T22-33-00.232_ccf_K5_A.fits		2457521.4530817498		29.9830449221		0.0679558135915		5.76534204233
	HARPN.2016-05-13T22-22-04.372_ccf_K5_A.fits		2457522.4453829699		29.9802728767		0.050708675836		5.75252206946
	HARPN.2016-05-13T22-52-30.232_ccf_K5_A.fits		2457522.4667816302		29.9872517585		0.0801276699739		5.77344992626
	HARPN.2016-05-17T21-56-31.694_ccf_K5_A.fits		2457526.4274838702		29.9769759784		0.0886083675433		5.76412817544
	HARPN.2016-05-17T22-26-57.554_ccf_K5_A.fits		2457526.4481070698		29.9810177941		0.0769909306034		5.75751279004
	HARPN.2016-05-18T22-18-50.944_ccf_K5_A.fits		2457527.4426843100		29.9644399406		0.100184930511		5.75779107755
	HARPN.2016-05-18T22-51-39.636_ccf_K5_A.fits		2457527.4649045798		29.974495987		0.108534051731		5.78399822241
	HARPN.2016-05-19T22-44-21.256_ccf_K5_A.fits		2457528.4604879599		29.9737645108		0.0728141658602		5.74193346292
	HARPN.2016-05-19T23-16-26.596_ccf_K5_A.fits		2457528.4825577601		29.9701075325		0.063974121401		5.75391607979
	HARPN.2016-05-20T22-19-14.046_ccf_K5_A.fits		2457529.4427038101		29.9751528074		0.0912536975009		5.74235323109
	HARPN.2016-05-20T22-51-13.976_ccf_K5_A.fits		2457529.4649471901		29.9694593847		0.0689101602265		5.72913497013
	HARPN.2016-05-22T21-26-20.267_ccf_K5_A.fits		2457531.4056754201		29.9621399891		0.0782097088247		5.75540639125
	HARPN.2016-05-22T23-06-01.697_ccf_K5_A.fits		2457531.4742455999		29.9675502557		0.077984261103		5.70032653523
	HARPN.2016-06-09T21-43-00.940_ccf_K5_A.fits		2457549.4152786802		29.9852174203		0.0786240023075		5.74937293233
	HARPN.2016-06-09T22-13-25.294_ccf_K5_A.fits		2457549.4363877401		29.9768122492		0.0975471673586		5.74856000431
	HARPN.2016-06-10T21-24-57.027_ccf_K5_A.fits		2457550.4031223599		29.9706166795		0.0866422884682		5.74774668937
	HARPN.2016-06-10T21-55-22.081_ccf_K5_A.fits		2457550.4238842302		29.9831131535		0.0808974582844		5.78629477694
	HARPN.2016-06-17T21-10-36.120_ccf_K5_A.fits		2457557.3923718501		29.9421190612		0.0793934194105		5.71709207099
	HARPN.2016-06-18T21-12-27.915_ccf_K5_A.fits		2457558.3934319001		29.9699629276		0.0672919315808		5.76562270504
	HARPN.2016-06-19T21-12-46.933_ccf_K5_A.fits		2457559.3935546600		29.9781445039		0.0776097993233		5.73497922072
	HARPN.2016-06-20T21-12-00.435_ccf_K5_A.fits		2457560.3934229701		29.9775387958		0.0654415813202		5.76353690296
	HARPN.2016-06-24T21-12-23.320_ccf_K5_A.fits		2457564.3924700301		29.9653264859		0.117184045609		5.68419158937
	HARPN.2016-06-25T21-12-51.704_ccf_K5_A.fits		2457565.3932884498		29.9783360915		0.0955925111861		5.76477346665
