#TARG_NAME	RA-DEG	DEC-DEG	file_rad	file_mask	BJD	ccf_DRS_RV	ccf_DRS_FWHM	ccf_DRS_contrast	ccf_DRS_continuum	ccf_COR_RV	ccf_COR_FWHM	ccf_COR_contrast	ccf_COR_continuum	CCF_NOISE	SCI_SN20	SCI_SN40	SCI_SN60	SKY_SN20	SKY_SN40	SKY_SN60	fluxA	fluxB	BERV	MOON_dits	MOON_El_app	MOON_airmass	MOON_APmag	MOON_surf_bright	MOON_illum	MOON_RV_Obs
EP229004835	186.486604	-1.404572	HARPN.2017-02-18T03-07-08.062	G2	2457802.645191	-31.373894	7.071413	41.188514	3216221.062658	-31.373029	7.070214	41.175641	3216660.227384	0.001506	44.900000	69.800000	71.800000	0.000000	0.000000	0.400000	2968482.000000	-618.536621	18.504548	46.618852	24.527400	2.398000	-10.300000	5.070000	55.869000	0.801770	1
EP229004835	186.486604	-1.404572	HARPN.2017-02-22T02-31-31.353	G2	2457806.619684	-31.375293	7.075974	41.176195	3160050.634795	-31.375476	7.075032	41.152515	3160908.024780	0.001524	45.200000	69.300000	69.600000	-0.200000	-0.100000	0.200000	2916554.000000	-1096.313232	16.842326	93.593930	-18.756200	nan	-8.320000	5.930000	19.940000	1.151100	1
EP229004835	186.486604	-1.404572	HARPN.2017-02-24T03-45-21.488	G2	2457808.671613	-31.375772	7.072789	41.156174	5132871.100136	-31.375841	7.071237	41.135516	5134355.321451	0.001161	54.500000	86.000000	99.800000	0.000000	-0.100000	0.600000	4737730.000000	-1644.129883	15.784489	119.317039	-26.227200	nan	-6.740000	6.340000	6.483000	1.221000	1
EP229004835	186.486604	-1.404572	HARPN.2017-02-26T02-37-29.908	G2	2457810.625463	-31.386308	7.071806	41.007026	566320.043830	-31.387439	7.071537	41.020975	565681.676155	0.004670	16.200000	26.900000	30.500000	0.000000	0.000000	0.000000	522887.375000	578.951294	15.001231	144.849150	-56.686000	nan	-4.550000	5.120000	0.273000	1.397260	1
EP229004835	186.486604	-1.404572	HARPN.2017-03-04T00-25-32.004	G2	2457816.533833	-31.381654	7.068127	41.164754	1944634.559502	-31.381721	7.066866	41.161805	1944458.096263	0.002032	34.400000	53.600000	57.000000	-0.100000	0.000000	0.200000	1794999.250000	86.437714	12.399789	132.278410	-2.857800	nan	-9.380000	5.590000	32.940000	1.186920	1
EP229004835	186.486604	-1.404572	HARPN.2017-03-21T02-41-58.333	G2	2457833.628916	-31.374489	7.071073	41.165426	2940226.043604	-31.375172	7.071516	41.140124	2940996.317414	0.001591	42.700000	65.800000	71.700000	-0.100000	0.000000	0.300000	2713884.250000	-881.845947	3.524485	89.823453	6.475800	8.276000	-9.820000	5.320000	45.095000	0.934500	1
EP229004835	186.486604	-1.404572	HARPN.2017-03-23T00-30-01.978	G2	2457835.536575	-31.372765	7.066761	41.167471	3129054.247406	-31.372710	7.065753	41.147810	3130034.910768	0.001533	48.300000	69.500000	61.700000	-0.100000	-0.100000	0.200000	2888311.000000	-1269.751465	2.763695	112.613218	-36.873700	nan	-8.860000	5.740000	27.230000	1.268460	1
EP229004835	186.486604	-1.404572	HARPN.2017-04-12T23-08-21.798	G2	2457856.480218	-31.375910	7.070746	41.101089	3755647.146465	-31.375899	7.071128	41.114200	3753896.046436	0.001382	50.600000	74.500000	69.600000	0.000000	0.100000	0.400000	3466998.250000	1725.068481	-7.859060	36.809512	31.610900	1.903000	-12.090000	3.880000	96.839000	0.761810	1
EP229004835	186.486604	-1.404572	HARPN.2017-04-15T00-31-10.820	G2	2457858.536908	-31.376239	7.071207	41.136208	3556847.096441	-31.376653	7.069873	41.143931	3556107.467938	0.001426	42.900000	68.500000	84.700000	0.000000	0.100000	0.500000	3283226.000000	710.872131	-9.013294	61.283870	25.937600	2.277000	-11.490000	4.350000	86.739000	0.766250	1
EP229004835	186.486604	-1.404572	HARPN.2017-04-18T02-06-28.463	G2	2457861.603545	-31.376287	7.067659	41.157935	2403154.610760	-31.376306	7.067364	41.149675	2403211.922449	0.001786	36.400000	57.600000	65.700000	0.000000	0.000000	0.100000	2218280.000000	-105.287491	-10.651862	97.620228	13.539700	4.202000	-10.520000	4.970000	62.239000	0.861830	1
EP229004835	186.486604	-1.404572	HARPN.2017-04-20T00-14-25.105	G2	2457863.525593	-31.372332	7.071539	41.164690	5123936.180359	-31.372321	7.069956	41.147573	5125518.480048	0.001163	52.200000	81.900000	101.800000	-0.100000	-0.100000	0.500000	4729471.000000	-1591.920654	-11.387037	120.641268	-23.997000	nan	-9.750000	5.370000	43.488000	1.189360	1
EP229004835	186.486604	-1.404572	HARPN.2017-04-21T01-28-19.636	G2	2457864.576826	-31.375381	7.062805	41.184249	6616300.920529	-31.375585	7.061190	41.168559	6618352.816067	0.001011	60.400000	94.600000	112.800000	-0.200000	0.000000	0.800000	6107333.500000	-2155.227539	-12.005646	133.968999	-16.373900	nan	-9.250000	5.610000	33.084000	1.161190	1
EP229004835	186.486604	-1.404572	HARPN.2017-04-22T02-43-21.618	G2	2457865.628856	-31.374346	7.070947	41.117625	1411949.480215	-31.374923	7.074967	41.111628	1411946.770261	0.002487	26.100000	42.800000	52.400000	-0.100000	0.000000	0.000000	1303384.125000	44.587456	-12.598558	147.730584	-12.587300	nan	-8.640000	5.870000	23.268000	1.165590	1
EP229004835	186.486604	-1.404572	HARPN.2017-05-06T00-00-15.405	G2	2457879.515541	-31.373589	7.068388	41.137886	5222307.663923	-31.373691	7.070004	41.147969	5221182.127740	0.001150	53.900000	84.600000	99.900000	0.000000	0.100000	0.800000	4820710.000000	1232.563599	-18.380032	16.214063	45.572500	1.399000	-11.210000	4.600000	78.465000	0.780480	1
EP229004835	186.486604	-1.404572	HARPN.2017-05-07T23-53-17.371	G2	2457881.510139	-31.373854	7.059894	40.895514	4714528.452111	-31.374225	7.068990	41.073462	4698747.782466	0.001225	56.400000	83.300000	80.400000	0.800000	2.000000	2.500000	4354548.000000	17104.876953	-19.145051	9.027526	53.718100	1.240000	-11.800000	4.150000	92.280000	0.648580	1
EP229004835	186.486604	-1.404572	HARPN.2017-05-19T23-48-25.599	G2	2457893.505915	-31.377574	7.064169	41.189746	6168830.538638	-31.377807	7.063495	41.173787	6170596.004228	0.001049	61.300000	94.300000	101.700000	-0.200000	0.000000	0.600000	5694130.000000	-2026.352051	-23.331127	154.535389	-32.863100	nan	-9.600000	5.470000	39.575000	1.287400	1
EP229004835	186.486604	-1.404572	HARPN.2017-05-20T23-41-54.702	G2	2457894.499507	-31.373861	7.067793	41.183755	3518148.314684	-31.372779	7.067768	41.166808	3519187.407496	0.001432	46.200000	70.800000	74.500000	-0.100000	0.100000	0.300000	3247322.250000	-1181.306152	-23.625835	167.695089	-40.611900	nan	-9.060000	5.720000	29.434000	1.355360	1
EP229004835	186.486604	-1.404572	HARPN.2017-05-21T23-15-53.545	G2	2457895.482844	-31.374475	7.073835	41.145049	3711065.398679	-31.375519	7.073030	41.128372	3712327.244511	0.001390	48.400000	73.100000	75.600000	-0.100000	0.000000	0.200000	3425413.500000	-1434.390869	-23.887981	177.756857	-50.249700	nan	-8.420000	5.980000	20.101000	1.423760	1
EP229004835	186.486604	-1.404572	HARPN.2017-05-22T22-50-29.827	G2	2457896.465439	-31.372485	7.073341	41.146974	5725031.164696	-31.372746	7.071918	41.125979	5726733.040649	0.001095	61.100000	91.300000	92.000000	-0.300000	-0.100000	0.400000	5284368.000000	-2165.722656	-24.140057	164.454759	-54.707100	nan	-7.630000	6.230000	11.954000	1.466010	1
EP229004835	186.486604	-1.404572	HARPN.2017-05-31T22-12-17.081	G2	2457905.438517	-31.369151	7.074595	41.077213	3565950.968323	-31.368540	7.074189	41.061047	3566176.623910	0.001427	46.200000	70.700000	77.700000	0.000000	0.000000	0.300000	3291891.750000	-369.221619	-26.403724	33.562212	33.988400	1.785000	-9.830000	5.390000	43.484000	0.923580	1
EP229004835	186.486604	-1.404572	HARPN.2017-12-15T06-21-11.644	G2	2458102.773911	-31.378569	7.068467	41.098407	2396261.647927	-31.380149	7.067248	41.084502	2396575.804735	0.001794	37.000000	58.700000	62.600000	-0.100000	0.000000	0.200000	2212163.000000	-428.406921	29.644595	45.003868	15.049200	3.801000	-6.930000	6.300000	7.746000	0.896830	1
EP229004835	186.486604	-1.404572	HARPN.2017-12-16T06-32-52.477	G2	2458103.782240	-31.373168	7.074049	41.086936	3041758.705833	-31.373016	7.072197	41.076955	3041815.503613	0.001563	41.900000	66.200000	71.400000	-0.100000	0.000000	0.100000	2807949.000000	-211.663513	29.737553	57.020620	4.637900	10.954000	-6.000000	6.330000	3.447000	0.970040	1
EP229004835	186.486604	-1.404572	HARPN.2017-12-24T05-08-18.459	G2	2458111.724492	-31.374278	7.074077	41.136478	2440178.164856	-31.375030	7.073729	41.119801	2440654.213130	0.001774	31.600000	53.800000	78.300000	0.000000	0.000000	0.200000	2252383.000000	-380.059387	30.418952	151.167641	-70.897200	nan	-8.960000	5.680000	28.758000	1.382290	1
EP229004835	186.486604	-1.404572	HARPN.2018-01-01T06-33-56.144	G2	2458119.784113	-31.368817	7.070567	40.861825	743618.964082	-31.369744	7.077468	40.915452	742073.799558	0.003845	18.600000	30.800000	35.200000	0.000000	0.000000	0.100000	686800.625000	1562.439209	30.208087	98.119972	5.134700	10.083000	-12.570000	3.670000	98.658000	1.188430	1
EP229004835	186.486604	-1.404572	HARPN.2018-01-15T07-07-03.693	G2	2458133.809296	-31.375667	7.071527	39.718092	2466712.202095	-31.377447	7.069658	40.799926	2400739.795105	0.001836	36.800000	58.300000	66.600000	4.000000	4.800000	3.300000	2283486.500000	66829.140625	28.639622	89.807880	6.546500	8.198000	-5.760000	6.290000	2.693000	0.914960	1
EP229004835	186.486604	-1.404572	HARPN.2018-01-26T05-58-28.532	G2	2458144.762807	-31.362974	7.075597	40.853835	506519.864426	-31.363321	7.070943	40.959518	505014.285218	0.005115	14.900000	25.700000	27.900000	0.000000	0.000000	0.100000	467797.750000	1398.292236	26.317139	133.217479	-39.026200	nan	-10.780000	4.880000	64.250000	1.396990	1
EP229004835	186.486604	-1.404572	HARPN.2018-03-07T04-54-18.181	G2	2458184.719301	-31.373634	7.074557	41.035202	2103804.062972	-31.373427	7.071362	41.069560	2102270.362631	0.001940	32.000000	52.600000	68.500000	0.000000	0.000000	0.200000	1942283.500000	1402.732910	10.539671	45.071953	47.420900	1.357000	-10.950000	4.750000	71.191000	0.613120	1
EP229004835	186.486604	-1.404572	HARPN.2018-03-08T04-35-56.006	G2	2458185.707125	-31.369606	7.075675	41.040552	2380076.714321	-31.369566	7.073023	41.047675	2379228.239403	0.001805	33.600000	55.600000	74.400000	0.000000	0.000000	0.200000	2197292.500000	727.106079	10.077523	57.409610	40.731500	1.530000	-10.560000	4.950000	61.871000	0.630650	1
EP229004835	186.486604	-1.404572	HARPN.2018-03-11T03-31-36.683	G2	2458188.663307	-31.366259	7.080414	41.065949	4230189.900216	-31.366930	7.079409	41.050622	4231374.470715	0.001296	49.500000	77.700000	90.300000	-0.100000	-0.100000	0.500000	3904903.000000	-1248.813232	8.698195	92.910867	6.973300	7.754000	-9.230000	5.570000	33.764000	0.901410	1
EP229004835	186.486604	-1.404572	HARPN.2018-03-11T05-34-29.721	G2	2458188.747604	-31.364333	7.075085	41.083722	3411471.538715	-31.363598	7.073323	41.069300	3412141.916820	0.001464	41.800000	69.500000	86.800000	0.000000	-0.100000	0.400000	3149225.000000	-696.933716	8.483306	93.770650	27.201300	2.180000	-9.210000	5.580000	33.220000	0.701280	1
EP229004835	186.486604	-1.404572	HARPN.2018-03-12T00-28-13.225	G2	2458189.535913	-31.367208	7.079194	41.092899	3591404.106922	-31.367509	7.079260	41.080027	3592439.185248	0.001420	44.700000	71.400000	85.100000	0.000000	-0.100000	0.300000	3315104.000000	-1001.962036	8.574490	102.651801	-38.496500	nan	-8.750000	5.760000	26.276000	1.239200	1
EP229004835	186.486604	-1.404572	HARPN.2018-03-31T22-35-28.019	G2	2458209.457708	-31.368009	7.075721	40.665439	5088629.553148	-31.367879	7.074838	40.979262	5048401.260758	0.001185	54.400000	85.100000	99.900000	1.800000	3.900000	4.900000	4701405.000000	39935.875000	-1.563687	11.197270	39.409800	1.573000	-12.570000	3.560000	99.574000	0.790480	1
EP229004835	186.486604	-1.404572	HARPN.2018-04-05T01-39-55.485	G2	2458213.585644	-31.375925	7.070047	41.118322	5862708.096601	-31.376010	7.068767	41.114621	5862989.755223	0.001081	61.200000	92.600000	99.600000	0.000000	0.000000	0.700000	5411972.000000	-502.119202	-3.999447	63.946043	26.786500	2.211000	-11.180000	4.580000	78.522000	0.756820	1
EP229004835	186.486604	-1.404572	HARPN.2018-04-06T02-52-23.325	G2	2458214.634668	-31.374685	7.074265	41.101931	5138259.853038	-31.374779	7.074217	41.100577	5138453.509415	0.001163	55.500000	86.900000	97.100000	-0.100000	0.000000	0.600000	4743143.000000	-243.656754	-4.646945	76.558086	30.032500	1.992000	-10.820000	4.800000	69.701000	0.692740	1
EP229004835	186.486604	-1.404572	HARPN.2018-04-07T01-57-41.440	G2	2458215.596008	-31.374281	7.073349	40.956045	679040.998780	-31.376759	7.077722	41.023011	677315.748721	0.004112	17.400000	28.700000	35.900000	0.000000	0.000000	0.000000	627016.812500	1623.742920	-5.050787	88.169979	11.935500	4.733000	-10.460000	4.990000	60.861000	0.855930	1
EP229004835	186.486604	-1.404572	HARPN.2018-04-08T01-07-31.872	G2	2458216.560945	-31.372473	7.071751	40.985500	1003828.774435	-31.372225	7.070108	41.050678	1002858.706817	0.003116	22.800000	36.400000	42.400000	0.000000	0.000000	0.000000	926883.250000	962.088318	-5.456052	99.173541	-8.269600	nan	-10.080000	5.180000	51.834000	1.031550	1
EP229004835	186.486604	-1.404572	HARPN.2018-04-24T23-58-01.281	G2	2458233.513520	-31.368446	7.076123	41.033962	3992827.635391	-31.368534	7.078011	41.046663	3991418.900971	0.001341	43.700000	70.700000	95.500000	0.000000	0.000000	0.700000	3686218.000000	1467.953369	-13.563197	34.838281	44.175000	1.433000	-11.090000	4.740000	72.710000	0.860290	1
EP229004835	186.486604	-1.404572	HARPN.2018-04-25T01-23-46.133	G2	2458233.573992	-31.371070	7.071758	41.062077	2671306.322577	-31.371488	7.070972	41.100614	2669134.651247	0.001686	37.100000	59.400000	73.300000	0.000000	0.100000	0.500000	2466162.500000	2139.840332	-13.733050	34.130629	27.121100	2.186000	-11.100000	4.730000	73.160000	0.989460	1
EP229004835	186.486604	-1.404572	HARPN.2018-04-25T23-41-04.901	G2	2458234.502515	-31.375114	7.069977	41.069751	4082245.836608	-31.375330	7.070621	41.093087	4080489.008806	0.001321	50.400000	76.200000	81.800000	0.000000	0.000000	0.600000	3768769.000000	1835.196533	-13.979731	21.047330	56.027600	1.205000	-11.450000	4.500000	82.003000	0.758100	1
EP229004835	186.486604	-1.404572	HARPN.2018-05-05T00-05-49.011	G2	2458243.519943	-31.376820	7.068358	41.167251	3063082.745422	-31.376602	7.066795	41.155833	3063555.666227	0.001552	41.600000	64.600000	75.500000	0.000000	0.000000	0.300000	2827363.250000	-553.486328	-17.867155	95.146555	4.251100	11.737000	-11.070000	4.640000	77.098000	0.922690	1
EP229004835	186.486604	-1.404572	HARPN.2018-05-06T23-52-37.863	G2	2458245.509325	-31.372873	7.065815	41.177814	4044714.617509	-31.372582	7.063515	41.169190	4045657.655285	0.001325	46.200000	72.800000	91.400000	-0.200000	0.000000	0.400000	3733485.750000	-946.418335	-18.638494	118.281403	-13.316900	nan	-10.380000	5.030000	59.711000	1.069620	1
EP229004835	186.486604	-1.404572	HARPN.2018-05-10T00-44-54.202	G2	2458248.545625	-31.373726	7.076498	41.144679	6241530.952931	-31.373579	7.076171	41.127873	6243256.077035	0.001045	64.300000	96.400000	95.500000	-0.200000	-0.100000	0.400000	5760925.000000	-2141.308105	-19.893562	154.774509	-29.981600	nan	-9.080000	5.670000	31.140000	1.233510	1
EP229004835	186.486604	-1.404572	HARPN.2018-05-11T00-34-14.946	G2	2458249.538349	-31.372907	7.076421	41.116386	2916892.199572	-31.372559	7.075580	41.088415	2917527.468544	0.001599	42.700000	65.000000	67.500000	0.000000	-0.100000	0.100000	2692444.500000	-866.106018	-20.251338	167.044416	-37.391800	nan	-8.500000	5.910000	22.302000	1.300790	1
EP229004835	186.486604	-1.404572	HARPN.2018-05-12T00-32-20.583	G2	2458250.536511	-31.371382	7.077191	41.104523	3954493.842712	-31.370964	7.077436	41.088495	3955607.901290	0.001343	47.400000	73.900000	86.300000	-0.100000	0.000000	0.300000	3650260.000000	-1125.244629	-20.616509	177.029721	-43.759500	nan	-7.810000	6.150000	14.373000	1.360110	1
EP229004835	186.486604	-1.404572	HARPN.2018-05-13T01-07-39.506	G2	2458251.560955	-31.372872	7.074588	41.042483	1345352.375195	-31.372046	7.069924	41.047226	1344941.190935	0.002567	26.300000	42.400000	49.900000	0.000000	0.000000	0.100000	1242043.625000	293.839172	-21.035278	165.707056	-45.248600	nan	-6.960000	6.350000	7.691000	1.399100	1
EP229004835	186.486604	-1.404572	HARPN.2018-05-14T00-52-38.166	G2	2458252.551129	-31.368481	7.075057	41.134849	3876976.728891	-31.369322	7.073545	41.122467	3878018.230514	0.001359	45.500000	72.800000	88.700000	0.000000	0.000000	0.300000	3578576.250000	-1053.794556	-21.370590	152.251734	-48.208900	nan	-5.940000	6.360000	2.969000	1.439960	1
EP229004835	186.486604	-1.404572	HARPN.2018-05-15T00-57-50.334	G2	2458253.554356	-31.365861	7.082205	41.067544	3066312.513492	-31.366328	7.081017	41.050829	3066716.854688	0.001556	38.600000	63.100000	83.200000	-0.100000	-0.100000	0.200000	2830454.750000	-418.971924	-21.727562	138.122954	-48.098200	nan	-4.810000	5.610000	0.507000	1.465360	1
EP229004835	186.486604	-1.404572	HARPN.2018-05-15T23-49-13.591	G2	2458254.506764	-31.373138	7.082010	41.009470	1442888.546205	-31.373218	7.081739	40.996254	1442498.271803	0.002457	28.000000	43.900000	50.100000	0.000000	0.000000	0.100000	1332063.000000	299.374329	-21.959516	124.472917	-39.196800	nan	-4.840000	5.620000	0.521000	1.437610	1
EP229004835	186.486604	-1.404572	HARPN.2018-05-29T23-12-23.518	G2	2458268.479888	-31.307465	7.205529	40.096112	611648.093631	-31.355947	7.121068	40.806289	600400.305517	0.004576	16.200000	26.900000	33.200000	0.500000	1.100000	1.100000	564913.750000	10461.230469	-25.955896	66.785950	35.290600	1.728000	-12.460000	3.560000	99.727000	0.669200	1
EP229004835	186.486604	-1.404572	HARPN.2018-05-30T22-41-11.567	G2	2458269.458762	-31.369064	7.076056	41.114646	4764435.600371	-31.370430	7.071775	41.122877	4763053.481792	0.001212	55.800000	83.900000	84.500000	0.000000	0.200000	0.500000	4397858.000000	1053.166504	-26.142156	78.802277	21.409500	2.723000	-12.180000	3.800000	98.033000	0.783300	1
EP229004835	186.486604	-1.404572	HARPN.2018-05-31T22-36-27.452	G2	2458270.454810	-31.366994	7.078489	41.106274	3269365.317124	-31.368641	7.076945	41.093906	3268363.018538	0.001498	44.100000	68.000000	75.500000	-0.100000	0.000000	0.300000	3017784.000000	789.594604	-26.363161	90.774995	12.564100	4.510000	-11.880000	4.050000	94.553000	0.851020	1
EP229004835	186.486604	-1.404572	HARPN.2018-06-01T21-18-22.243	G2	2458271.400618	-31.370264	7.076143	41.123407	4898349.293631	-31.370490	7.074397	41.108320	4899606.198694	0.001193	53.000000	82.300000	96.500000	-0.100000	0.000000	0.500000	4521383.500000	-1388.222656	-26.444197	101.594830	-11.471800	nan	-11.590000	4.270000	89.776000	1.056170	1
EP229004835	186.486604	-1.404572	HARPN.2018-06-02T21-36-39.082	G2	2458272.413411	-31.369723	7.077532	41.131461	4657928.954718	-31.369438	7.077033	41.111760	4659390.616761	0.001226	53.700000	81.400000	88.600000	-0.100000	0.000000	0.400000	4299325.000000	-1658.181396	-26.696953	113.546832	-16.694900	nan	-11.290000	4.480000	83.320000	1.091520	1
EP229004835	186.486604	-1.404572	HARPN.2018-06-03T21-24-45.806	G2	2458273.405452	-31.368344	7.070937	41.144491	2899458.458340	-31.369312	7.071514	41.127752	2900128.649383	0.001602	40.800000	63.300000	72.600000	-0.200000	0.000000	0.200000	2676372.500000	-699.287354	-26.886088	125.203527	-29.855600	nan	-10.980000	4.680000	75.905000	1.182720	1
EP229004835	186.486604	-1.404572	HARPN.2018-06-04T21-24-59.319	G2	2458274.404969	-31.368656	7.076453	41.123987	5922486.247092	-31.368630	7.076058	41.104636	5924284.876206	0.001076	63.000000	93.600000	92.300000	-0.200000	0.000000	0.500000	5466679.000000	-2201.844727	-27.088259	136.994757	-38.441200	nan	-10.660000	4.880000	67.441000	1.239910	1
EP229004835	186.486604	-1.404572	HARPN.2018-06-05T21-45-21.320	G2	2458275.418477	-31.368751	7.075124	41.092031	8648748.747493	-31.368587	7.073516	41.082314	8651003.734137	0.000879	76.600000	112.600000	112.200000	-0.300000	0.000000	0.700000	7983764.500000	-2921.370117	-27.320048	149.097119	-42.188100	nan	-10.310000	5.080000	58.092000	1.273840	1
EP229004835	186.486604	-1.404572	HARPN.2018-06-06T22-09-29.414	G2	2458276.435560	-31.372914	7.075735	41.118180	6153507.404249	-31.373257	7.075058	41.100043	6155177.856455	0.001053	64.000000	95.500000	95.200000	-0.300000	-0.100000	0.500000	5680035.000000	-2117.363770	-27.551605	161.411725	-45.213000	nan	-9.920000	5.290000	48.249000	1.309430	1
EP229004835	186.486604	-1.404572	HARPN.2018-06-07T21-43-47.727	G2	2458277.417820	-31.371213	7.072321	41.125936	9058566.377607	-31.371184	7.071601	41.110048	9060786.574081	0.000856	79.100000	116.000000	111.800000	-0.200000	0.000000	0.800000	8361774.000000	-3024.169922	-27.687380	173.205650	-54.388900	nan	-9.490000	5.500000	38.585000	1.368550	1
EP229004835	186.486604	-1.404572	HARPN.2018-06-09T21-46-58.939	G2	2458279.419857	-31.371908	7.075893	41.112632	7590582.470202	-31.371874	7.074627	41.097884	7592879.634731	0.000942	73.000000	106.600000	99.100000	-0.300000	-0.100000	0.700000	7006603.000000	-3017.032715	-28.030427	159.588324	-55.412700	nan	-8.350000	5.990000	19.845000	1.428430	1
EP229004835	186.486604	-1.404572	HARPN.2018-06-10T21-27-24.500	G2	2458280.406108	-31.370532	7.072018	41.112883	7346553.497089	-31.370515	7.072438	41.091786	7348656.588251	0.000957	67.300000	102.100000	112.000000	-0.200000	-0.100000	0.800000	6781654.000000	-2396.611084	-28.152637	146.125497	-49.229200	nan	-7.590000	6.240000	12.016000	1.432540	1
EP229004835	186.486604	-1.404572	HARPN.2018-12-22T06-42-11.502	G2	2458474.789146	-31.375229	7.066218	41.162335	7812419.802120	-31.375250	7.064239	41.167060	7810761.825117	0.000926	67.300000	106.100000	121.300000	0.000000	0.200000	1.400000	7211469.000000	1388.272705	30.158406	103.159002	5.468100	9.567000	-12.670000	3.540000	99.542000	1.153320	1
EP229004835	186.486604	-1.404572	HARPN.2018-12-26T05-44-56.109	G2	2458478.749973	-31.371812	7.072291	41.103680	3269838.675968	-31.371871	7.071792	41.119308	3268493.094566	0.001497	46.000000	70.700000	68.900000	0.000000	0.100000	0.400000	3018457.000000	1311.742554	30.393475	43.911412	66.599200	1.089000	-11.640000	4.410000	83.387000	0.752020	1
EP229004835	186.486604	-1.404572	HARPN.2018-12-27T05-22-14.955	G2	2458479.734320	-31.374697	7.068393	41.143404	5598973.937307	-31.374610	7.067589	41.142817	5598661.995912	0.001108	60.400000	92.900000	91.900000	-0.200000	0.000000	0.700000	5168352.500000	79.880753	30.443960	29.354006	72.832100	1.046000	-11.230000	4.670000	73.684000	0.696370	1
EP229004835	186.486604	-1.404572	HARPN.2018-12-31T05-44-52.311	G2	2458483.750200	-31.376329	7.068324	41.162658	3867474.276617	-31.376254	7.067485	41.145555	3868374.719500	0.001358	50.800000	76.900000	72.900000	-0.100000	-0.100000	0.300000	3569887.500000	-1151.548584	30.366615	26.353538	-35.845300	nan	-9.280000	5.580000	32.465000	1.297630	1
EP229004835	186.486604	-1.404572	HARPN.2019-01-01T04-17-20.113	G2	2458484.690248	-31.373516	7.082116	41.013926	1275503.404232	-31.373158	7.078640	41.033780	1275190.114163	0.002664	26.900000	42.900000	44.600000	0.000000	0.000000	0.000000	1177522.375000	283.285461	30.473460	39.215787	9.529300	5.842000	-8.520000	5.880000	21.268000	0.976830	1
EP229004835	186.486604	-1.404572	HARPN.2019-01-03T06-00-16.830	G2	2458486.761418	-31.376130	7.083729	41.089178	4157628.353234	-31.375882	7.083311	41.079978	4158327.442913	0.001310	45.600000	75.400000	95.900000	-0.100000	0.000000	0.600000	3837590.500000	-625.587097	30.205885	65.311221	6.467900	8.285000	-6.840000	6.310000	7.046000	0.957030	1
EP229004835	186.486604	-1.404572	HARPN.2019-01-04T06-17-12.389	G2	2458487.772804	-31.371646	7.080561	41.082034	3630279.552531	-31.372118	7.080417	41.062315	3630997.966281	0.001412	47.500000	73.700000	76.200000	-0.100000	-0.100000	0.300000	3351008.500000	-897.744873	30.112034	77.425254	0.101300	36.448000	-5.830000	6.290000	2.792000	0.993520	1
EP229004835	186.486604	-1.404572	HARPN.2019-01-05T06-20-15.324	G2	2458488.773772	-31.374502	7.080643	41.076853	2355070.494482	-31.373530	7.081087	41.074648	2355271.784947	0.001815	33.900000	55.900000	71.300000	-0.100000	0.000000	0.200000	2173919.750000	-134.649628	30.035440	89.574566	-10.133800	nan	-4.700000	5.520000	0.490000	1.060900	1
EP229004835	186.486604	-1.404572	HARPN.2019-01-06T06-41-21.210	G2	2458489.790020	-31.373157	7.071140	41.110734	2287879.375819	-31.372310	7.070267	41.102763	2287932.442709	0.001842	36.800000	57.700000	61.700000	0.000000	0.000000	0.200000	2111988.000000	-119.570938	29.908396	101.818574	-16.108500	nan	-4.160000	4.110000	0.082000	1.093070	1
EP229004835	186.486604	-1.404572	HARPN.2019-01-19T06-09-45.796	G2	2458502.769036	-31.368011	7.077516	41.073229	5505297.890963	-31.368188	7.076971	41.055188	5506768.313373	0.001122	57.400000	90.400000	98.100000	-0.300000	-0.100000	0.600000	5082058.000000	-1689.297119	28.018155	95.194594	-1.552300	nan	-12.140000	4.010000	94.066000	1.219210	1
EP229004835	186.486604	-1.404572	HARPN.2019-01-20T05-05-40.383	G2	2458503.725074	-31.374011	7.080492	41.041968	4216465.399937	-31.373850	7.080345	41.050184	4214756.435161	0.001301	49.300000	78.200000	88.100000	0.000000	0.100000	0.600000	3892419.500000	1644.062744	27.929798	81.475279	22.417800	2.608000	-12.520000	3.710000	98.321000	1.051510	1
EP229004835	186.486604	-1.404572	HARPN.2019-01-21T03-31-14.083	G2	2458504.659536	-31.373486	7.073311	41.037339	2395891.929444	-31.373405	7.073227	41.077049	2392885.154056	0.001798	34.000000	56.600000	72.500000	0.100000	0.100000	0.400000	2211969.000000	2819.127441	27.887198	67.053989	56.478500	1.199000	-12.900000	3.380000	99.985000	0.815020	1
EP229004835	186.486604	-1.404572	HARPN.2019-02-04T04-01-36.256	G2	2458518.681351	-31.378543	7.067959	41.114805	1775402.556755	-31.378138	7.066545	41.124245	1775341.864515	0.002150	30.900000	50.000000	57.300000	0.000000	0.000000	0.100000	1638958.250000	44.247456	23.944993	121.045958	-42.877500	nan	-4.550000	5.370000	0.388000	1.251440	1
EP229004835	186.486604	-1.404572	HARPN.2019-02-05T05-11-11.376	G2	2458519.731168	-31.378881	7.065499	41.068111	1308318.281247	-31.379245	7.068630	41.066779	1307842.124483	0.002610	24.900000	41.600000	51.800000	0.000000	0.000000	0.100000	1207919.750000	459.165283	23.462552	133.483401	-34.814500	nan	-4.330000	4.870000	0.199000	1.207860	1
EP229004835	186.486604	-1.404572	HARPN.2019-02-06T04-03-42.024	G2	2458520.683534	-31.377330	7.070561	41.157804	4662504.726771	-31.377800	7.069562	41.145773	4663649.169122	0.001226	53.000000	83.300000	90.000000	-0.300000	-0.100000	0.500000	4303672.000000	-1304.268433	23.254333	144.542613	-59.181900	nan	-5.330000	6.150000	1.646000	1.323550	1
EP229004835	186.486604	-1.404572	HARPN.2019-02-07T04-24-28.751	G2	2458521.697732	-31.376605	7.069415	41.160601	7399094.769123	-31.376446	7.069165	41.142002	7401108.488435	0.000952	67.800000	105.000000	111.700000	-0.200000	-0.100000	1.000000	6829704.000000	-2389.539795	22.859600	156.489363	-61.178300	nan	-6.320000	6.350000	4.910000	1.337100	1
EP229004835	186.486604	-1.404572	HARPN.2019-02-09T05-26-46.507	G2	2458523.741126	-31.373355	7.077679	41.130759	4362932.848587	-31.372725	7.076356	41.112958	4364169.833959	0.001272	52.200000	81.200000	84.300000	-0.100000	-0.100000	0.500000	4027038.500000	-1480.809082	22.007155	176.314023	-58.045300	nan	-7.970000	6.030000	16.428000	1.356370	1
EP229004835	186.486604	-1.404572	HARPN.2019-02-10T05-24-50.652	G2	2458524.739359	-31.378021	7.075133	41.146101	3959148.513399	-31.377881	7.073941	41.138060	3960165.000202	0.001342	49.100000	77.100000	81.600000	-0.200000	-0.200000	0.400000	3654337.000000	-1153.304199	21.638143	166.167888	-57.483900	nan	-8.630000	5.810000	24.108000	1.373300	1
EP229004835	186.486604	-1.404572	HARPN.2019-02-13T02-41-31.430	G2	2458527.626843	-31.375592	7.075185	41.144833	3295614.583141	-31.376220	7.074054	41.122770	3296269.296675	0.001490	46.300000	71.000000	69.600000	-0.100000	-0.100000	0.200000	3041894.000000	-907.072510	20.805581	130.298491	-13.638900	nan	-10.200000	5.160000	51.383000	1.200220	1
EP229004835	186.486604	-1.404572	HARPN.2019-02-14T02-39-56.329	G2	2458528.625916	-31.375079	7.066239	41.171285	3289130.116625	-31.375341	7.064577	41.156634	3289799.117159	0.001490	45.900000	70.500000	70.800000	0.000000	0.000000	0.200000	3036066.000000	-874.757446	20.410552	117.063528	-1.880900	nan	-10.670000	4.940000	61.964000	1.144700	1
EP229004835	186.486604	-1.404572	HARPN.2019-02-17T02-29-47.790	G2	2458531.618532	-31.370498	7.069944	41.107729	3568840.453560	-31.370833	7.068785	41.113695	3568165.240774	0.001422	50.600000	74.500000	65.500000	0.000000	0.000000	0.300000	3294536.000000	506.546143	19.207171	74.975293	34.959100	1.742000	-11.940000	4.190000	90.214000	0.945090	1
EP229004835	186.486604	-1.404572	HARPN.2019-02-21T05-19-13.610	G2	2458535.736792	-31.378121	7.072974	40.807342	2721344.912187	-31.379315	7.072418	41.047062	2704295.065025	0.001680	40.500000	63.500000	67.800000	0.800000	1.700000	2.500000	2513619.500000	17259.882812	17.162240	12.500858	44.384800	1.428000	-12.330000	3.890000	96.294000	0.881490	1
EP229004835	186.486604	-1.404572	HARPN.2019-02-22T03-50-41.044	G2	2458536.674959	-31.379212	7.079535	38.753246	2042481.029920	-31.379872	7.073055	40.878933	1935506.190109	0.002119	35.200000	54.400000	57.500000	4.600000	8.900000	10.300000	1894284.750000	108867.281250	16.900845	3.856860	60.576400	1.147000	-11.960000	4.180000	90.634000	0.729560	1
EP229004835	186.486604	-1.404572	HARPN.2019-02-23T03-18-20.232	G2	2458537.652699	-31.379384	7.057847	40.948687	978980.854100	-31.376461	7.054054	41.074004	975476.532855	0.003175	22.000000	35.900000	42.600000	0.100000	0.300000	0.300000	904154.875000	3375.158691	16.524986	16.965414	54.298700	1.230000	-11.560000	4.440000	82.810000	0.709450	1
EP229004835	186.486604	-1.404572	HARPN.2019-02-24T04-15-01.553	G2	2458538.691424	-31.374654	7.064489	40.996501	1367677.833208	-31.371470	7.066640	41.112392	1364301.106009	0.002538	24.600000	41.400000	56.200000	0.000000	0.200000	0.400000	1262922.000000	3204.789062	15.962238	31.300623	50.072000	1.303000	-11.140000	4.690000	73.156000	0.683580	1
EP229004835	186.486604	-1.404572	HARPN.2019-02-25T03-39-54.468	G2	2458539.667541	-31.377166	7.071795	41.144489	2928143.145605	-31.377001	7.069586	41.143284	2928003.285612	0.001594	43.400000	66.300000	67.600000	0.000000	0.000000	0.300000	2702823.000000	2.626274	15.580206	44.642919	36.732300	1.669000	-10.710000	4.920000	63.131000	0.738600	1
EP229004835	186.486604	-1.404572	HARPN.2019-02-26T02-28-29.341	G2	2458540.618261	-31.375107	7.071547	41.145361	3157310.168284	-31.374530	7.072563	41.125026	3157686.065816	0.001527	46.800000	69.300000	65.500000	0.000000	-0.100000	0.300000	2914359.000000	-575.418457	15.271151	57.208359	16.222300	3.540000	-10.260000	5.130000	53.047000	0.882560	1
EP229004835	186.486604	-1.404572	HARPN.2019-03-02T00-49-37.590	G2	2458544.548749	-31.370616	7.063736	41.132243	3284053.744237	-31.370202	7.064143	41.119552	3285054.818970	0.001491	45.200000	70.100000	74.700000	-0.100000	0.000000	0.300000	3031709.500000	-1058.574097	13.596717	104.600271	-45.477500	nan	-8.060000	6.010000	17.516000	1.266450	1
EP229004835	186.486604	-1.404572	HARPN.2019-03-03T03-10-47.874	G2	2458545.648173	-31.372228	7.071793	41.140174	2613534.373932	-31.372363	7.070105	41.134553	2614000.383470	0.001704	37.400000	60.300000	73.500000	-0.100000	0.000000	0.300000	2412444.500000	-467.248596	12.823095	117.772993	-25.749800	nan	-7.260000	6.240000	10.343000	1.146020	1
EP229004835	186.486604	-1.404572	HARPN.2019-03-04T01-13-44.252	G2	2458546.565133	-31.368727	7.070997	41.057992	1437855.679213	-31.368039	7.071085	41.070385	1437688.174299	0.002460	27.500000	44.400000	52.800000	0.000000	0.000000	0.200000	1327458.000000	176.986923	12.588250	128.300781	-59.749900	nan	-6.510000	6.350000	5.851000	1.320640	1
EP229004835	186.486604	-1.404572	HARPN.2019-03-05T00-54-09.331	G2	2458547.553876	-31.369368	7.078856	41.132957	4778169.006626	-31.369495	7.078207	41.113840	4779421.780314	0.001209	54.400000	84.400000	91.900000	-0.200000	-0.100000	0.600000	4410226.000000	-1437.148193	12.132961	139.977113	-70.299000	nan	-5.600000	6.280000	2.368000	1.354480	1
EP229004835	186.486604	-1.404572	HARPN.2019-03-18T04-31-22.576	G2	2458560.703853	-31.369763	7.075240	41.100265	2275840.754361	-31.369694	7.076860	41.122167	2274136.107440	0.001852	37.700000	58.000000	58.600000	0.100000	0.100000	0.300000	2100818.250000	1724.378784	5.125777	50.041004	5.473100	9.560000	-11.790000	4.290000	87.846000	1.191660	1
EP229004835	186.486604	-1.404572	HARPN.2019-03-19T01-15-38.642	G2	2458561.567780	-31.369257	7.083882	41.014103	2791815.029985	-31.369911	7.081004	41.062507	2788171.716810	0.001646	42.100000	63.700000	65.300000	0.100000	0.200000	0.400000	2577300.000000	3657.837402	5.002996	36.860514	57.896700	1.180000	-12.160000	4.040000	93.923000	0.805380	1
EP229004835	186.486604	-1.404572	HARPN.2019-03-19T23-34-51.293	G2	2458562.498906	-31.363312	7.077295	40.566327	1223998.042756	-31.363325	7.075349	40.896221	1213965.632225	0.002767	25.900000	40.800000	45.100000	0.500000	0.800000	0.800000	1131062.875000	10144.318359	4.689932	22.380665	69.499300	1.067000	-12.510000	3.740000	98.243000	0.723660	1
EP229004835	186.486604	-1.404572	HARPN.2019-03-24T01-16-10.255	G2	2458566.568386	-31.374283	7.076755	41.077939	4716579.801033	-31.374076	7.076820	41.085514	4714308.750219	0.001219	54.500000	83.200000	87.200000	0.000000	0.200000	0.700000	4353973.000000	2151.695801	2.415289	37.995923	37.061300	1.656000	-11.720000	4.310000	87.492000	0.777480	1
EP229004835	186.486604	-1.404572	HARPN.2019-04-20T00-48-38.806	G2	2458593.549502	-31.450114	7.101963	40.135914	97254.590256	-31.445468	7.092215	40.480273	95970.155991	0.020961	4.000000	8.100000	10.000000	0.000000	0.000000	0.100000	89923.171875	1238.500977	-11.212139	31.377572	50.597900	1.293000	-12.570000	3.620000	99.361000	0.700450	1
EP229004835	186.486604	-1.404572	HARPN.2019-04-20T00-51-29.126	G2	2458593.551087	-31.375221	7.068870	41.028867	3280357.877209	-31.375741	7.071032	41.129513	3273299.842977	0.001498	42.800000	67.400000	79.100000	0.400000	0.600000	0.700000	3028748.250000	7181.594727	-11.216711	31.392121	50.597900	1.293000	-12.570000	3.620000	99.361000	0.700450	1
EP229004835	186.486604	-1.404572	HARPN.2019-04-20T23-17-10.784	G2	2458594.486550	-31.370777	7.069718	41.106191	3976379.543145	-31.371670	7.069908	41.135173	3972999.803892	0.001340	49.800000	75.900000	80.700000	0.200000	0.300000	0.800000	3670772.500000	3396.113281	-11.494260	44.873578	29.424300	2.029000	-12.230000	3.900000	96.654000	0.831410	1
EP229004835	186.486604	-1.404572	HARPN.2019-04-22T00-16-15.383	G2	2458595.527088	-31.372080	7.073801	41.124760	3963459.604267	-31.372457	7.074276	41.135687	3962269.509507	0.001342	46.500000	73.700000	88.800000	0.000000	0.100000	0.600000	3658531.750000	1204.647949	-12.083857	58.999234	27.788800	2.138000	-11.860000	4.180000	91.457000	0.796830	1
EP229004835	186.486604	-1.404572	HARPN.2019-04-23T00-15-04.389	G2	2458596.525878	-31.372536	7.073965	41.111036	3498638.333005	-31.372326	7.073281	41.124366	3498064.851028	0.001442	43.400000	68.800000	83.900000	0.000000	0.000000	0.400000	3229555.000000	603.479675	-12.544300	72.256787	17.333600	3.324000	-11.490000	4.420000	84.603000	0.852710	1
EP229004835	186.486604	-1.404572	HARPN.2019-04-23T23-58-36.423	G2	2458597.514934	-31.373765	7.076124	41.098035	4960757.419730	-31.373725	7.076431	41.083377	4961725.918759	0.001185	53.700000	83.800000	95.200000	-0.100000	-0.100000	0.500000	4579225.500000	-1049.707520	-12.972509	84.868152	3.521300	13.531000	-11.120000	4.650000	76.573000	0.949160	1
EP229004835	186.486604	-1.404572	HARPN.2019-04-24T23-29-48.957	G2	2458598.494567	-31.374842	7.077651	41.139256	7315277.201339	-31.374287	7.076478	41.125423	7317079.682546	0.000959	65.200000	101.700000	117.500000	-0.200000	-0.100000	1.000000	6751973.000000	-1977.875610	-13.368740	96.712053	-10.132600	nan	-10.750000	4.850000	67.758000	1.046230	1
EP229004835	186.486604	-1.404572	HARPN.2019-04-30T22-55-39.907	G2	2458604.470814	-31.372906	7.073781	41.124876	4423935.161910	-31.373183	7.072932	41.107098	4425297.236467	0.001263	53.400000	81.100000	82.200000	-0.200000	-0.100000	0.300000	4083581.000000	-1608.166382	-15.958712	167.520482	-63.731200	nan	-7.820000	6.110000	15.379000	1.357090	1
EP229004835	186.486604	-1.404572	HARPN.2019-05-01T22-47-34.396	G2	2458605.465459	-31.373763	7.076905	41.140023	5868444.400545	-31.373449	7.075787	41.123451	5869985.688124	0.001081	58.900000	91.200000	103.100000	-0.100000	0.000000	0.700000	5416591.000000	-1742.162720	-16.370665	176.612612	-62.658700	nan	-7.080000	6.310000	9.170000	1.373310	1
EP229004835	186.486604	-1.404572	HARPN.2019-05-02T22-12-42.568	G2	2458606.440695	-31.372116	7.070837	41.143196	6252498.229968	-31.372246	7.069332	41.130244	6254058.959577	0.001043	62.000000	95.000000	103.800000	-0.200000	0.000000	0.600000	5771450.000000	-1837.768555	-16.719881	167.319180	-54.744400	nan	-6.250000	6.400000	4.544000	1.367290	1
EP229004835	186.486604	-1.404572	HARPN.2019-05-03T22-26-20.866	G2	2458607.449920	-31.373410	7.074087	41.137464	7470401.614509	-31.373757	7.072649	41.127299	7472375.529550	0.000948	66.500000	102.800000	117.300000	-0.200000	-0.100000	0.900000	6895467.500000	-2160.944824	-17.165132	154.950379	-45.447300	nan	-5.240000	6.140000	1.397000	1.352890	1
EP229004835	186.486604	-1.404572	HARPN.2019-05-05T22-31-36.509	G2	2458609.453738	-31.369753	7.074978	41.130168	3094884.955930	-31.370615	7.074965	41.106101	3095720.636652	0.001544	42.400000	66.500000	74.300000	-0.100000	0.000000	0.300000	2856710.000000	-946.692505	-17.995477	129.303983	-27.701400	nan	-5.180000	6.060000	1.168000	1.311090	1
EP229004835	186.486604	-1.404572	HARPN.2019-05-07T22-50-31.811	G2	2458611.466971	-31.370215	7.073222	41.147022	5588138.984004	-31.369826	7.070928	41.135217	5589168.628155	0.001109	55.400000	87.700000	106.500000	-0.100000	-0.100000	0.700000	5158019.000000	-1141.554443	-18.829638	102.434982	-9.110400	nan	-7.320000	6.290000	9.919000	1.237630	1
EP229004835	186.486604	-1.404572	HARPN.2019-05-08T21-34-30.053	G2	2458612.413682	-31.370836	7.076446	41.143950	6954877.634993	-31.370450	7.075506	41.130383	6956337.145081	0.000986	67.100000	101.000000	104.900000	-0.200000	-0.100000	0.700000	6419356.000000	-1856.920410	-19.061176	90.002572	17.436300	3.305000	-8.160000	6.070000	16.960000	1.044650	1
EP229004835	186.486604	-1.404572	HARPN.2019-05-09T21-16-09.602	G2	2458613.401129	-31.373972	7.074624	41.148188	4990877.844968	-31.373714	7.074334	41.130697	4991682.849301	0.001180	51.000000	82.000000	103.300000	-0.100000	-0.100000	0.600000	4606642.000000	-811.851196	-19.406797	76.253222	33.529800	1.806000	-8.910000	5.800000	26.076000	0.932490	1
EP229004835	186.486604	-1.404572	HARPN.2019-05-10T21-44-28.148	G2	2458614.420067	-31.371901	7.075721	41.116962	5302999.659819	-31.372160	7.076383	41.102526	5303824.596210	0.001143	52.700000	84.300000	106.800000	-0.100000	-0.100000	0.700000	4894981.000000	-741.264526	-19.836869	61.944222	40.984600	1.523000	-9.570000	5.530000	36.789000	0.889290	1
EP229004835	186.486604	-1.404572	HARPN.2019-05-11T21-51-27.080	G2	2458615.425243	-31.375345	7.078660	41.141690	8488874.677789	-31.375295	7.077668	41.132247	8490133.300863	0.000886	72.100000	109.800000	123.200000	-0.200000	0.000000	1.100000	7835068.000000	-1562.314453	-20.220646	47.670812	47.670700	1.351000	-10.130000	5.280000	48.320000	0.847660	1
EP229004835	186.486604	-1.404572	HARPN.2019-05-12T22-04-03.592	G2	2458616.434075	-31.375287	7.074536	41.125212	8106735.121473	-31.375090	7.074590	41.117901	8107701.880600	0.000909	69.400000	106.700000	122.300000	-0.100000	0.000000	1.100000	7482974.000000	-1086.883179	-20.608461	33.272396	57.170300	1.189000	-10.620000	5.030000	59.913000	0.782230	1
EP229004835	186.486604	-1.404572	HARPN.2019-05-13T22-11-30.368	G2	2458617.438866	-31.376580	7.073582	41.108779	4138833.316730	-31.376488	7.074288	41.117372	4137608.715113	0.001312	46.500000	74.700000	94.000000	0.000000	0.100000	0.600000	3820546.750000	1238.631470	-20.977843	18.919708	60.191900	1.152000	-11.060000	4.790000	71.120000	0.751710	1
EP229004835	186.486604	-1.404572	HARPN.2019-05-16T23-19-27.300	G2	2458620.485697	-31.370634	7.070146	40.807524	1363121.334721	-31.370669	7.068135	40.995655	1357929.262983	0.002564	28.200000	43.600000	46.000000	0.200000	0.500000	0.500000	1259112.750000	5409.350586	-22.136734	25.151817	53.416200	1.244000	-12.150000	3.990000	95.451000	0.692810	1
EP229004835	186.486604	-1.404572	HARPN.2019-05-17T21-46-27.132	G2	2458621.421484	-31.374263	7.077432	41.054271	3889077.289145	-31.375924	7.075985	41.107205	3885361.009971	0.001359	49.700000	75.500000	79.000000	0.100000	0.300000	0.600000	3590231.750000	3853.681641	-22.285411	38.581446	35.951100	1.700000	-12.440000	3.710000	98.835000	0.794340	1
EP229004835	186.486604	-1.404572	HARPN.2019-05-18T21-36-12.146	G2	2458622.414384	-31.373250	7.080783	41.029246	3502365.659436	-31.374977	7.077866	41.105710	3497820.512669	0.001443	47.000000	71.400000	75.100000	0.200000	0.400000	0.700000	3233272.500000	4701.489258	-22.589060	52.284167	24.541000	2.397000	-12.640000	3.490000	99.897000	0.854560	1
EP229004835	186.486604	-1.404572	HARPN.2019-05-19T21-45-56.560	G2	2458623.420292	-31.369283	7.077020	41.097996	5990554.272157	-31.369705	7.074619	41.103167	5990211.502922	0.001070	64.400000	94.900000	90.400000	0.000000	0.100000	0.500000	5529763.000000	7.734001	-22.924160	65.800627	13.216200	4.299000	-12.340000	3.750000	98.530000	0.919510	1
EP229004835	186.486604	-1.404572	HARPN.2019-05-20T21-56-09.696	G2	2458624.428559	-31.368704	7.080241	41.116094	2877423.680347	-31.369241	7.079694	41.109845	2877286.994125	0.001611	41.100000	63.900000	71.600000	0.000000	0.000000	0.300000	2655895.000000	54.235462	-23.259781	78.940896	5.930400	8.930000	-12.000000	4.020000	94.937000	0.950800	1
EP229004835	186.486604	-1.404572	HARPN.2019-05-21T21-15-50.744	G2	2458625.395393	-31.369856	7.085046	40.966249	1081398.056939	-31.369799	7.085438	40.957713	1081063.489340	0.002969	24.500000	38.400000	40.600000	0.000000	0.000000	0.100000	998389.875000	289.335144	-23.470544	90.870376	-16.001700	nan	-11.660000	4.260000	89.794000	1.112870	1
EP229004835	186.486604	-1.404572	HARPN.2019-05-22T21-10-01.988	G2	2458626.395870	-31.364228	7.079473	41.031771	1223753.053742	-31.362262	7.075607	41.049337	1223190.750360	0.002732	24.500000	40.000000	48.600000	0.000000	0.000000	0.000000	1129741.500000	474.621094	-23.771548	103.305475	-22.416700	nan	-11.320000	4.490000	82.908000	1.138540	1
EP229004835	186.486604	-1.404572	HARPN.2019-05-24T00-18-21.038	G2	2458627.526451	-31.371614	7.031683	40.921485	421253.250820	-31.371804	7.026174	41.005263	420088.758250	0.005872	12.600000	21.900000	27.300000	0.000000	0.000000	0.100000	389196.437500	1046.429688	-24.405357	117.408043	3.588400	13.345000	-10.950000	4.720000	73.956000	0.908250	1
EP229004835	186.486604	-1.404572	HARPN.2019-06-05T21-32-14.132	G2	2458640.408782	-31.373488	7.075676	41.152500	5199825.836825	-31.373350	7.074909	41.137613	5201035.500860	0.001154	55.800000	85.900000	96.200000	-0.100000	0.000000	0.600000	4799402.500000	-1363.030273	-27.260823	79.889371	7.610200	7.173000	-6.980000	6.370000	7.397000	1.153730	1
EP229004835	186.486604	-1.404572	HARPN.2019-06-06T21-15-48.253	G2	2458641.398866	-31.373087	7.075793	41.083924	2788831.780716	-31.374244	7.075598	41.076896	2788855.335250	0.001641	35.000000	57.700000	83.800000	0.000000	-0.200000	0.400000	2574426.500000	30.234280	-27.421559	65.842136	19.017100	3.045000	-7.950000	6.150000	14.573000	1.076270	1
EP229004835	186.486604	-1.404572	HARPN.2019-06-07T22-38-09.623	G2	2458642.455436	-31.369234	7.073711	41.118499	4638569.172928	-31.369442	7.072292	41.104790	4639442.475539	0.001230	52.100000	81.400000	92.300000	-0.200000	0.000000	0.400000	4281761.000000	-1024.441772	-27.741505	50.709290	13.348500	4.259000	-8.790000	5.860000	24.254000	1.124560	1
EP229004835	186.486604	-1.404572	HARPN.2019-06-08T21-38-44.574	G2	2458643.414214	-31.367764	7.081397	41.077573	4437903.573342	-31.368467	7.080497	41.065020	4438333.151902	0.001263	51.700000	79.300000	89.200000	0.000000	0.000000	0.500000	4096500.000000	-585.839233	-27.810571	36.944158	36.184800	1.691000	-9.450000	5.600000	34.485000	0.940720	1
EP229004835	186.486604	-1.404572	HARPN.2019-06-09T22-25-14.003	G2	2458644.447139	-31.371114	7.087170	41.039885	2402715.156876	-31.372715	7.085788	41.050042	2401815.780623	0.001797	36.900000	58.000000	66.300000	0.000000	0.000000	0.200000	2217895.750000	817.825317	-28.051897	22.300758	36.839000	1.665000	-10.020000	5.330000	46.181000	0.918220	1
EP229004835	186.486604	-1.404572	HARPN.2019-06-10T21-25-47.695	G2	2458645.405279	-31.364572	7.086897	41.005138	2846764.252976	-31.370189	7.077935	41.055475	2842003.771332	0.001625	39.200000	61.800000	75.300000	0.100000	0.400000	0.900000	2627982.000000	4318.092285	-28.102780	8.881103	55.627500	1.211000	-10.500000	5.100000	57.428000	0.760410	1
EP229004835	186.486604	-1.404572	HARPN.2019-06-12T22-02-27.237	G2	2458647.430182	-31.375771	7.075375	41.092180	4823744.209252	-31.377562	7.072199	41.091467	4821688.888073	0.001204	56.600000	84.900000	84.500000	0.000000	0.100000	0.700000	4452842.000000	1676.678833	-28.446351	20.474722	53.484600	1.243000	-11.300000	4.610000	78.728000	0.694270	1
