# Wrap-up of analysis.
#	 filename 		 BJD 		 RV 		FWHM		
	HARPN.2015-01-22T03-16-12.014_ccf_M2_A.fits		2457044.6499908199		30.4772098945		3.37953160649
	HARPN.2015-01-22T03-46-37.071_ccf_M2_A.fits		2457044.6715087402		30.4736525722		3.36713330852
	HARPN.2015-01-23T03-05-16.499_ccf_M2_A.fits		2457045.6422799099		30.4723023185		3.37972251538
	HARPN.2015-01-23T03-35-41.956_ccf_M2_A.fits		2457045.6640756000		30.4775705272		3.38944334538
	HARPN.2015-01-24T03-09-37.418_ccf_M2_A.fits		2457046.6459113699		30.4725194705		3.37868125872
	HARPN.2015-01-24T03-40-02.483_ccf_M2_A.fits		2457046.6671630102		30.4735137817		3.37750912111
	HARPN.2015-01-25T05-28-07.766_ccf_M2_A.fits		2457047.7416204498		30.4719184088		3.34130493346
	HARPN.2015-01-25T05-58-32.806_ccf_M2_A.fits		2457047.7639832599		30.474415622		3.37086872596
	HARPN.2015-01-26T02-51-15.712_ccf_M2_A.fits		2457048.6327989101		30.4757672316		3.34673554867
	HARPN.2015-01-26T03-21-41.168_ccf_M2_A.fits		2457048.6548839002		30.4796473057		3.35749333674
	HARPN.2015-01-28T02-29-28.993_V1.9_ccf_M2_A.fits		2457050.6187789300		30.4774838759		3.35867055725
	HARPN.2015-01-29T04-05-06.608_ccf_M2_A.fits		2457051.6859043702		30.4777370888		3.37482505669
	HARPN.2015-01-29T04-35-31.263_ccf_M2_A.fits		2457051.7032088400		30.4756268091		3.37664705338
	HARPN.2015-01-30T05-15-57.549_ccf_M2_A.fits		2457052.7343233698		30.4683114071		3.35904817632
	HARPN.2015-01-30T05-46-22.676_ccf_M2_A.fits		2457052.7544983900		30.4586122689		3.3597282311
	HARPN.2015-01-31T03-20-22.536_ccf_M2_A.fits		2457053.6561118900		30.5012152347		3.3554109494
	HARPN.2015-01-31T03-50-47.993_ccf_M2_A.fits		2457053.6739719198		30.487129019		3.37329262956
	HARPN.2015-02-01T04-19-07.013_ccf_M2_A.fits		2457054.6945623001		30.4828980666		3.37820615739
	HARPN.2015-02-01T04-49-32.470_ccf_M2_A.fits		2457054.7157211401		30.4827373288		3.37589605707
	HARPN.2015-02-15T03-40-21.202_V1.9_ccf_M2_A.fits		2457068.6675802302		30.481407017		3.34256460309
	HARPN.2015-02-15T04-10-46.660_V1.9_ccf_M2_A.fits		2457068.6885881699		30.4650173295		3.37586626654
	HARPN.2015-02-16T03-20-45.434_V1.9_ccf_M2_A.fits		2457069.6550800698		30.4746901431		3.38715277763
	HARPN.2015-02-16T03-51-10.146_V1.9_ccf_M2_A.fits		2457069.6720137200		30.4575013799		3.35767752099
	HARPN.2015-02-17T01-43-34.498_V1.9_ccf_M2_A.fits		2457070.5882009799		30.464464102		3.34475099077
	HARPN.2015-02-17T02-13-59.552_V1.9_ccf_M2_A.fits		2457070.6094056200		30.4797834742		3.39516659642
	HARPN.2015-02-17T02-44-25.413_V1.9_ccf_M2_A.fits		2457070.6296843002		30.4760397679		3.39415368939
	HARPN.2015-02-21T04-39-52.203_V1.9_ccf_M2_A.fits		2457074.7100606002		30.477841094		3.34752402655
	HARPN.2015-02-21T05-10-16.855_V1.9_ccf_M2_A.fits		2457074.7306516599		30.4785847116		3.35964856625
	HARPN.2015-03-13T23-07-55.945_V1.9_ccf_M2_A.fits		2457095.4800228998		30.4883772202		3.37161233574
	HARPN.2015-03-13T23-38-21.071_V1.9_ccf_M2_A.fits		2457095.5008910098		30.4808523277		3.37879384417
	HARPN.2015-03-15T23-29-23.826_V1.9_ccf_M2_A.fits		2457097.4961708100		30.4940116589		3.37794361611
	HARPN.2015-03-15T23-59-49.279_V1.9_ccf_M2_A.fits		2457097.5174555201		30.4946764472		3.40272430154
	HARPN.2015-03-17T23-44-26.278_V1.9_ccf_M2_A.fits		2457099.5048811701		30.4789483774		3.38453031044
	HARPN.2015-03-18T00-17-08.858_V1.9_ccf_M2_A.fits		2457099.5276935799		30.4820145633		3.39434762845
	HARPN.2015-03-25T22-27-20.960_ccf_M2_A.fits		2457107.4519233801		30.473453867		3.39273612752
	HARPN.2015-03-26T02-53-24.660_ccf_M2_A.fits		2457107.6360404501		30.4776910714		3.3836993946
	HARPN.2015-03-26T22-44-38.930_V1.9_ccf_M2_A.fits		2457108.4656082098		30.4728687924		3.39514245615
	HARPN.2015-03-26T23-15-05.188_V1.9_ccf_M2_A.fits		2457108.4850291298		30.4743116775		3.39383377782
	HARPN.2015-03-28T01-05-23.222_V1.9_ccf_M2_A.fits		2457109.5612919000		30.4773907454		3.3230873433
	HARPN.2015-03-28T01-35-51.009_V1.9_ccf_M2_A.fits		2457109.5832937500		30.4772498604		3.31612048628
	HARPN.2015-03-31T00-37-42.577_V1.9_ccf_M2_A.fits		2457112.5421817400		30.4923246579		3.34895912246
	HARPN.2015-03-31T01-08-07.614_V1.9_ccf_M2_A.fits		2457112.5633501601		30.4729397517		3.36826635656
	HARPN.2015-04-04T23-28-13.233_V1.9_ccf_M2_A.fits		2457117.4935136801		30.4707774292		3.38239710881
	HARPN.2015-04-04T23-58-38.691_V1.9_ccf_M2_A.fits		2457117.5149828498		30.477776664		3.37474231478
	HARPN.2015-04-06T00-09-46.725_V1.9_ccf_M2_A.fits		2457118.5225633401		30.4764653124		3.37411450903
	HARPN.2015-04-06T00-40-12.584_V1.9_ccf_M2_A.fits		2457118.5436505498		30.4724855321		3.37312114601
	HARPN.2015-04-06T01-45-02.694_ccf_M2_A.fits		2457118.5889614201		30.4628297075		3.38500544464
	HARPN.2015-04-09T00-27-59.582_V1.9_ccf_M2_A.fits		2457121.5352262501		30.4766470288		3.3928234989
	HARPN.2015-04-09T00-58-25.026_V1.9_ccf_M2_A.fits		2457121.5558967101		30.479208378		3.37706236945
	HARPN.2015-04-10T00-28-12.948_V1.9_ccf_M2_A.fits		2457122.5350230001		30.4820344526		3.37836190618
	HARPN.2015-04-10T00-58-37.601_V1.9_ccf_M2_A.fits		2457122.5562026598		30.4818986363		3.38292768874
	HARPN.2015-04-11T01-06-29.394_V1.9_ccf_M2_A.fits		2457123.5616110298		30.4829552192		3.37782218012
	HARPN.2015-04-11T01-36-53.308_V1.9_ccf_M2_A.fits		2457123.5817953399		30.4860457945		3.37324557644
	HARPN.2015-04-11T20-26-49.093_V1.9_ccf_M2_A.fits		2457124.3668648200		30.4776885931		3.36662752763
	HARPN.2015-04-13T02-01-16.838_V1.9_ccf_M2_A.fits		2457125.5992622199		30.4759076828		3.37088579045
	HARPN.2015-04-13T02-31-42.302_V1.9_ccf_M2_A.fits		2457125.6201292998		30.463303934		3.34964870237
	HARPN.2015-04-25T01-10-07.216_V1.9_ccf_M2_A.fits		2457137.5633016401		30.4780318512		3.38537902613
	HARPN.2015-04-25T01-40-32.775_V1.9_ccf_M2_A.fits		2457137.5837748898		30.4822330503		3.38646492547
	HARPN.2015-04-26T22-04-14.593_V1.9_ccf_M2_A.fits		2457139.4350792500		30.477123899		3.38928732315
	HARPN.2015-04-26T22-34-39.648_V1.9_ccf_M2_A.fits		2457139.4554135599		30.47719725		3.38562157142
	HARPN.2015-04-28T00-29-50.724_V1.9_ccf_M2_A.fits		2457140.5359669700		30.4961001757		3.30366988015
	HARPN.2015-04-28T01-00-16.979_V1.9_ccf_M2_A.fits		2457140.5556184398		30.4729835231		3.38014935716
	HARPN.2015-05-02T22-41-48.092_V1.9_ccf_M2_A.fits		2457145.4584706300		30.4753006876		3.38584022873
	HARPN.2015-05-02T23-12-13.216_V1.9_ccf_M2_A.fits		2457145.4813393401		30.483569354		3.45344339255
	HARPN.2015-05-04T00-45-21.716_V1.9_ccf_M2_A.fits		2457146.5461688000		30.4778696914		3.38859182729
	HARPN.2015-05-04T01-15-46.770_V1.9_ccf_M2_A.fits		2457146.5668617100		30.4774934529		3.38264996467
	HARPN.2015-05-04T21-49-06.854_V1.9_ccf_M2_A.fits		2457147.4224810400		30.469897526		3.38652691006
	HARPN.2015-05-04T22-19-32.353_V1.9_ccf_M2_A.fits		2457147.4439261900		30.472766602		3.40135539117
	HARPN.2015-05-05T23-13-06.625_V1.9_ccf_M2_A.fits		2457148.4811744802		30.4727649305		3.38093390269
	HARPN.2015-05-05T23-43-30.977_V1.9_ccf_M2_A.fits		2457148.5030362401		30.467640856		3.38666803071
	HARPN.2015-05-10T22-45-17.581_V1.9_ccf_M2_A.fits		2457153.4615018298		30.478990066		3.37704270541
	HARPN.2015-05-10T23-15-43.098_V1.9_ccf_M2_A.fits		2457153.4826112301		30.4788192601		3.38490917588
	HARPN.2015-05-11T23-09-18.239_V1.9_ccf_M2_A.fits		2457154.4759332901		30.4852648648		3.25615460485
	HARPN.2015-05-13T22-42-27.593_V1.9_ccf_M2_A.fits		2457156.4596583098		30.4768111615		3.24305770544
	HARPN.2015-05-13T23-12-53.106_V1.9_ccf_M2_A.fits		2457156.4812190100		30.4818133449		3.25046297322
	HARPN.2015-05-16T22-24-45.392_V1.9_ccf_M2_A.fits		2457159.4469398800		30.4782136206		3.38025492797
	HARPN.2015-05-16T22-55-10.858_V1.9_ccf_M2_A.fits		2457159.4680954702		30.4798218993		3.3804880044
	HARPN.2015-05-17T22-49-08.124_ccf_M2_A.fits		2457160.4641205599		30.477575874		3.37457117076
	HARPN.2015-05-17T23-19-34.383_ccf_M2_A.fits		2457160.4847321999		30.4758014005		3.37064309177
	HARPN.2015-05-18T22-17-57.055_ccf_M2_A.fits		2457161.4411650700		30.4705209298		3.37017331776
	HARPN.2015-05-18T22-48-21.984_ccf_M2_A.fits		2457161.4629224301		30.4809842225		3.38252364141
	HARPN.2015-05-29T21-58-19.577_V1.9_ccf_M2_A.fits		2457172.4274689401		30.4832317752		3.37294026287
	HARPN.2015-05-29T22-28-45.041_V1.9_ccf_M2_A.fits		2457172.4466453800		30.4648742284		3.35560516236
	HARPN.2015-05-30T21-26-22.181_V1.9_ccf_M2_A.fits		2457173.4045992098		30.4866283517		3.38157033101
	HARPN.2015-05-30T21-56-48.039_V1.9_ccf_M2_A.fits		2457173.4265763001		30.4794065611		3.37670916453
	HARPN.2015-06-01T21-13-53.684_V1.9_ccf_M2_A.fits		2457175.3965170500		30.4805719606		3.38200498104
	HARPN.2015-06-01T21-44-19.140_V1.9_ccf_M2_A.fits		2457175.4171748101		30.483470091		3.37733174358
	HARPN.2015-06-02T21-21-57.928_V1.9_ccf_M2_A.fits		2457176.4025670500		30.4781965773		3.37943070877
	HARPN.2015-06-02T21-52-22.970_V1.9_ccf_M2_A.fits		2457176.4224262601		30.4757167123		3.38195549025
	HARPN.2015-06-03T21-42-36.515_V1.9_ccf_M2_A.fits		2457177.4163474501		30.4696257966		3.38669318049
	HARPN.2015-06-03T22-13-01.237_V1.9_ccf_M2_A.fits		2457177.4372019302		30.4781619535		3.38306075204
	HARPN.2015-06-04T21-17-14.547_V1.9_ccf_M2_A.fits		2457178.3989268299		30.467369829		3.38032631799
	HARPN.2015-06-04T21-47-39.604_V1.9_ccf_M2_A.fits		2457178.4193762499		30.4704081652		3.39242037484
	HARPN.2015-06-06T21-09-56.716_ccf_M2_A.fits		2457180.3923343602		30.4752651041		3.39081991513
	HARPN.2015-06-06T21-41-49.439_ccf_M2_A.fits		2457180.4137559002		30.4766739953		3.40829250564
	HARPN.2015-06-07T21-28-27.306_ccf_M2_A.fits		2457181.4059516401		30.4709678912		3.3825452956
	HARPN.2015-06-07T21-58-51.659_ccf_M2_A.fits		2457181.4272111501		30.4715996848		3.38035586202
	HARPN.2015-06-08T21-14-54.785_ccf_M2_A.fits		2457182.3963996498		30.4684909177		3.37304832964
	HARPN.2015-06-08T21-45-19.525_ccf_M2_A.fits		2457182.4188627498		30.4688412082		3.38829583797
	HARPN.2015-06-11T21-14-25.417_ccf_M2_A.fits		2457185.3954830901		30.4781607556		3.37735657173
	HARPN.2015-06-11T21-44-50.475_ccf_M2_A.fits		2457185.4170550602		30.4761514642		3.3726584799
	HARPN.2015-06-12T21-11-37.529_ccf_M2_A.fits		2457186.3926197099		30.4681424247		3.38528858267
	HARPN.2015-06-14T21-15-45.969_ccf_M2_A.fits		2457188.3964404599		30.4733937657		3.38799500705
	HARPN.2015-06-15T21-17-04.419_ccf_M2_A.fits		2457189.3970604199		30.4813936728		3.39438701757
	HARPN.2015-06-15T21-47-29.071_ccf_M2_A.fits		2457189.4176486898		30.4748316425		3.3335780849
	HARPN.2015-06-16T21-10-57.008_ccf_M2_A.fits		2457190.3932711100		30.4671458507		3.38246398668
	HARPN.2015-06-16T21-41-21.747_ccf_M2_A.fits		2457190.4125400600		30.4738486978		3.35115371024
	HARPN.2015-06-17T21-12-55.057_ccf_M2_A.fits		2457191.3939490002		30.4809370939		3.38596984609
	HARPN.2015-06-17T21-43-20.110_ccf_M2_A.fits		2457191.4152779402		30.4766615998		3.38220016713
	HARPN.2015-06-18T21-13-30.778_ccf_M2_A.fits		2457192.3947774200		30.4760511761		3.38268214844
	HARPN.2015-06-18T21-43-55.430_ccf_M2_A.fits		2457192.4156087302		30.479369873		3.37439840808
	HARPN.2015-06-19T21-18-29.190_ccf_M2_A.fits		2457193.3977237898		30.4779678296		3.38870578925
	HARPN.2015-06-19T21-48-53.845_ccf_M2_A.fits		2457193.4184972402		30.483936651		3.38638307608
	HARPN.2015-06-29T21-08-01.425_V1.9_ccf_M2_A.fits		2457203.3893792401		30.4749376571		3.38728960418
	HARPN.2015-06-30T21-11-22.183_V1.9_ccf_M2_A.fits		2457204.3923286302		30.4737182909		3.38870602025
	HARPN.2015-12-23T04-58-08.851_ccf_M2_A.fits		2457379.7179546501		30.4711518305		3.3771272352
	HARPN.2015-12-23T05-28-34.716_ccf_M2_A.fits		2457379.7392183398		30.4711731843		3.37155870413
	HARPN.2015-12-24T05-19-47.063_ccf_M2_A.fits		2457380.7331137001		30.4748652501		3.37138691937
	HARPN.2015-12-24T05-50-12.503_ccf_M2_A.fits		2457380.7546204701		30.4692128266		3.37301343803
	HARPN.2015-12-25T05-57-58.220_ccf_M2_A.fits		2457381.7604843401		30.4798309096		3.39039913475
	HARPN.2015-12-25T06-28-22.652_ccf_M2_A.fits		2457381.7813891899		30.4752484925		3.37128180313
	HARPN.2015-12-28T05-05-33.805_ccf_M2_A.fits		2457384.7240294400		30.4772667132		3.37660384213
	HARPN.2015-12-28T05-35-59.263_ccf_M2_A.fits		2457384.7441240102		30.4764221756		3.38375882031
	HARPN.2015-12-29T05-03-25.668_ccf_M2_A.fits		2457385.7235256401		30.4771714006		3.38190823588
	HARPN.2015-12-29T05-33-50.720_ccf_M2_A.fits		2457385.7426826102		30.4708646093		3.38170506668
	HARPN.2016-01-03T04-43-57.085_V1.9_ccf_M2_A.fits		2457390.7084293799		30.4734325453		3.37968349494
	HARPN.2016-01-03T05-14-22.943_V1.9_ccf_M2_A.fits		2457390.7302949000		30.4718964673		3.38782543516
	HARPN.2016-01-04T04-22-09.289_V1.9_ccf_M2_A.fits		2457391.6920068800		30.4750090401		3.38255938006
	HARPN.2016-01-04T05-59-43.542_V1.9_ccf_M2_A.fits		2457391.7621640000		30.481467881		3.3876135817
	HARPN.2016-01-20T02-59-06.870_ccf_M2_A.fits		2457407.6382535398		30.4760581253		3.38056909936
	HARPN.2016-01-20T03-29-32.338_ccf_M2_A.fits		2457407.6586024300		30.4697152124		3.37505628351
	HARPN.2016-01-21T02-20-48.214_ccf_M2_A.fits		2457408.6115619699		30.4711183344		3.37925708832
	HARPN.2016-01-21T02-51-14.476_ccf_M2_A.fits		2457408.6323043900		30.4665517522		3.36832429909
	HARPN.2016-01-25T04-43-11.867_ccf_M2_A.fits		2457412.7114101402		30.4745075159		3.36725222427
	HARPN.2016-01-25T05-13-38.128_ccf_M2_A.fits		2457412.7325460198		30.4724075294		3.37074911409
	HARPN.2016-01-26T04-33-07.838_ccf_M2_A.fits		2457413.7037655199		30.4772323787		3.3717468329
	HARPN.2016-01-26T05-03-32.503_ccf_M2_A.fits		2457413.7249360899		30.469973947		3.32262787429
	HARPN.2016-02-03T04-15-13.935_ccf_M2_A.fits		2457421.6918857200		30.4765665992		3.39438703861
	HARPN.2016-02-03T04-45-39.393_ccf_M2_A.fits		2457421.7126741102		30.4851482691		3.37929227833
	HARPN.2016-02-04T04-48-59.651_ccf_M2_A.fits		2457422.7169056199		30.4746102127		3.38820609188
	HARPN.2016-02-04T05-19-25.499_ccf_M2_A.fits		2457422.7364091799		30.4813727227		3.3835055568
	HARPN.2016-02-14T02-11-11.017_ccf_M2_A.fits		2457432.6065532099		30.4817726684		3.38040178098
	HARPN.2016-02-14T02-41-36.064_ccf_M2_A.fits		2457432.6274223002		30.4752070371		3.38020584546
	HARPN.2016-02-15T04-24-53.197_ccf_M2_A.fits		2457433.6996272001		30.4729889741		3.37876763123
	HARPN.2016-02-15T04-55-18.251_ccf_M2_A.fits		2457433.7201258698		30.4743361244		3.3791175841
	HARPN.2016-02-27T01-25-37.632_ccf_M2_A.fits		2457445.5755223301		30.4719423268		3.36941108406
	HARPN.2016-02-27T01-56-02.283_ccf_M2_A.fits		2457445.5963099701		30.4721931726		3.37422543686
	HARPN.2016-03-11T00-53-02.308_ccf_M2_A.fits		2457458.5534599000		30.4763308419		3.37263423982
	HARPN.2016-03-11T01-23-26.959_ccf_M2_A.fits		2457458.5739229899		30.4802779166		3.3703709032
	HARPN.2016-03-13T03-28-08.551_ccf_M2_A.fits		2457460.6608424298		30.4860992166		3.3831394464
	HARPN.2016-03-13T03-58-34.826_ccf_M2_A.fits		2457460.6815022100		30.4796599986		3.38330446616
	HARPN.2016-03-14T02-28-07.777_ccf_M2_A.fits		2457461.6189230699		30.4847490616		3.38118326579
	HARPN.2016-03-14T02-58-32.826_ccf_M2_A.fits		2457461.6406592000		30.4873532082		3.38484675957
	HARPN.2016-03-15T03-18-29.661_ccf_M2_A.fits		2457462.6537266099		30.4778846648		3.38003681718
	HARPN.2016-03-15T03-48-54.731_ccf_M2_A.fits		2457462.6749534500		30.474393803		3.39247051359
	HARPN.2016-03-16T04-23-32.291_ccf_M2_A.fits		2457463.6986208898		30.4871718916		3.38531270665
	HARPN.2016-03-25T00-48-55.727_ccf_M2_A.fits		2457472.5492852102		30.4746697717		3.38730210127
	HARPN.2016-03-25T01-19-20.808_ccf_M2_A.fits		2457472.5710209399		30.4771937911		3.38536222487
	HARPN.2016-03-28T00-21-18.277_ccf_M2_A.fits		2457475.5318300002		30.4887627491		3.3689017587
	HARPN.2016-03-28T00-51-44.075_ccf_M2_A.fits		2457475.5501744999		30.4865512054		3.37118176451
	HARPN.2016-04-22T23-45-57.498_ccf_M2_A.fits		2457501.5043776198		30.4856848024		3.37395363857
	HARPN.2016-04-23T00-16-22.543_ccf_M2_A.fits		2457501.5262165600		30.4834213177		3.38134935767
	HARPN.2016-05-04T22-36-02.774_ccf_M2_A.fits		2457513.4555930598		30.4781306625		3.38615607064
	HARPN.2016-05-04T23-06-28.230_ccf_M2_A.fits		2457513.4768993198		30.4804900671		3.38166730465
	HARPN.2016-05-12T22-02-35.582_ccf_M2_A.fits		2457521.4319261098		30.4804463281		3.3794778688
	HARPN.2016-05-12T22-33-00.232_ccf_M2_A.fits		2457521.4530817498		30.4791769869		3.37937007373
	HARPN.2016-05-13T22-22-04.372_ccf_M2_A.fits		2457522.4453829699		30.4746192662		3.38390273439
	HARPN.2016-05-13T22-52-30.232_ccf_M2_A.fits		2457522.4667816302		30.4828855587		3.38304356651
	HARPN.2016-05-17T21-56-31.694_ccf_M2_A.fits		2457526.4274838702		30.4771420423		3.38635072334
	HARPN.2016-05-17T22-26-57.554_ccf_M2_A.fits		2457526.4481070698		30.4706554751		3.37121820426
	HARPN.2016-05-18T22-18-50.944_ccf_M2_A.fits		2457527.4426843100		30.4726978666		3.38291243821
	HARPN.2016-05-18T22-51-39.636_ccf_M2_A.fits		2457527.4649045798		30.4807836757		3.39103490436
	HARPN.2016-05-19T22-44-21.256_ccf_M2_A.fits		2457528.4604879599		30.4720870728		3.37265493553
	HARPN.2016-05-19T23-16-26.596_ccf_M2_A.fits		2457528.4825577601		30.4670466519		3.37597713148
	HARPN.2016-05-20T22-19-14.046_ccf_M2_A.fits		2457529.4427038101		30.4657663077		3.37714799431
	HARPN.2016-05-20T22-51-13.976_ccf_M2_A.fits		2457529.4649471901		30.4685187726		3.37718332966
	HARPN.2016-05-22T21-26-20.267_ccf_M2_A.fits		2457531.4056754201		30.470985844		3.36765158648
	HARPN.2016-05-22T23-06-01.697_ccf_M2_A.fits		2457531.4742455999		30.4687801987		3.32498617875
	HARPN.2016-06-09T21-43-00.940_ccf_M2_A.fits		2457549.4152786802		30.4781747685		3.37948857072
	HARPN.2016-06-09T22-13-25.294_ccf_M2_A.fits		2457549.4363877401		30.4711873241		3.37652694874
	HARPN.2016-06-10T21-24-57.027_ccf_M2_A.fits		2457550.4031223599		30.4796566696		3.38108142702
	HARPN.2016-06-10T21-55-22.081_ccf_M2_A.fits		2457550.4238842302		30.4812535086		3.37453619041
	HARPN.2016-06-17T21-10-36.120_ccf_M2_A.fits		2457557.3923718501		30.4709950942		3.32825114434
	HARPN.2016-06-18T21-12-27.915_ccf_M2_A.fits		2457558.3934319001		30.4719384449		3.38316770866
	HARPN.2016-06-19T21-12-46.933_ccf_M2_A.fits		2457559.3935546600		30.4710789864		3.37272496284
	HARPN.2016-06-20T21-12-00.435_ccf_M2_A.fits		2457560.3934229701		30.474223933		3.38700756499
	HARPN.2016-06-24T21-12-23.320_ccf_M2_A.fits		2457564.3924700301		30.4676822872		3.32900834597
	HARPN.2016-06-25T21-12-51.704_ccf_M2_A.fits		2457565.3932884498		30.4809024398		3.38256809627
